,Review,Rank
0,올라프의 1편요약이 기가맥힙니다 ,10
1,크리스토퍼 뮤비에서 좀 흠칫함 ,10
2,미래가 보이지 않을 때는 지금 해야할 일을 해야 해 ,10
3,나는 개인적으로 2편이 더 좋았음. 더 깊어진 스토리에 아름다워진 영상미. 한번 더 볼 의향 있음. ,10
4,엘사옷 보고 어머니들 긴장하는 영화 ,10
5,애기들 울고 떠들고 하는거 보고 엘사 마법으로 얼릴뻔 했네요 ,10
6,크리스토퍼 혹시 과거에 뮤비찍어본적 있니?왜 이렇게 잘해??...순간 당황했잖아 ,10
7,엘사 물 속에서 말타고 나올 때 대박ㅋㅋㅋㅋ ,10
8,겨울왕국 역시는 역시였다. OST도 1편만큼이나 중독성있다고 생각함ㅋㅋㅋ1편만큼 존잼임 ,10
9,스포 때문에 메인 넘버를 into the unknown으로 정한 느낌... 진짜 하이라이트는 show yourself 엄마와 함께 부르는 듀엣씬입니다. 이 장면만으로도 충분히 영화관에서 볼 가치가 있어요. 보고 난 ...,10
10,디즈니가 얼마나 팬을 생각하는지 알수있는 영화...1편 아동용 영화에서 1편을 보고 자란 성인들까지 보는데 재미를 느낄수 있게 만드는 2편 ,9
11,올라프가 다한 영화입니다 ,10
12,겨울왕국 2 역시 디즈니 입니다.영상미 하나만 가지고도 정말 인생 애니작을 본거에요 와 1편에서 렛잇고 열풍 이었다면 2편은 노래 영상 감동 스토리 모두를 갖추었네요 1편보다 더 훌륭합니다.꼭보세요 정말 최고네요. ,10
13,렛잇고가 대박쳐서 그런지 이번에 노래가 과하게 많다. ,6
14,이토록 완벽한 속편이라니. 여전히 아름답고 황홀한 스케일과 OST. '역시 믿고 보는 디즈니' 라는 말이 절로 나온다. 그렇게 부모와 어른이들의 통장은 또 한번 굿즈로 탈탈탈... ,10
15,역시 겨울왕국..기대한만큼 만족스러웠음ㅜㅜ엘사 미모에 치이고 OST에 한번 더 치이고..한번 더 볼 생각임!! ,10
16,"스토리는 나쁘지 않았는데 소재가 어둡다보니, 겨울왕국1같은 밝고 신나는 ost가 적은듯... 그리고 ost가 귀에 남을만한게 없다는 아쉬움 ",8
17,엘사가 성장한  모습으로 행복한 길을선택한것 같아 너무 감동이었음ㅠㅠ진짜 너무 재밌다 ,10
18,크리스토프의 뮤직비디오 인상깊었어요 ,10
19,올라프는 흡사 광해의 이병헌급 연기자. ,10
20,거북이는 엉덩이로 숨을 쉴 수 있다. ,10
21,아토할란의 4원소 결정=엘사가 중심 밟으면서 눈결정 모양이됨=자세히보면 다섯번째 정령형상=다섯번째 정령이 엘사를 부르는 소리'워어어~'=어린엘사엄마가 어린엘사아빠 구하려고 정령을 부르는 소리=쇼유어셀프...,10
22,보고 나오는데 나뭇잎이 날리길래 '..게일..?' ,10
23,이번건 진짜 양상미가 미쳣음 ,10
24,"1편도 엄청 봤는데 , 2편은 더 많이 볼것 같아요 ㅜ 저만 울었나요? ^^;;  음악도 좋고 영상미는 말할것도 없고 전 너무 감동적으로 보았어요 ",10
25,와... 감상포인트는 영화 자체가 바로 감상포인트 라고 생각합니다 노래도 겨울왕국2에선 더 섬세한 부분까지 다룬 것 같아 몰입도 최강이었습니다! 1번째로 영화를 본 보람이 있네요!!! ,10
26,니들 영화보고 평점 남기니? ,10
27,"엄마 나올때랑 올라프 사라질때 안나가 ‘널 사랑해’ 할때 눈물이 왈칵  ㅠ 슬프면서 몽환적이고 웅장하며 자연자연하는 내용이 저에게 취향저격 했습니다 엘사가 어둠의 바다를 말타고 가는 씬, 댐에서 쏟아지는 물을 얼음으...",10
28,"'렛잇고'만큼의 OST는 아니지만 전편못지않은 속편, 여전한 스케일과 화려함, 쿠키영상있어요~ 천만가즈아~!! ",10
29,디지니가 한건 했습니다. 제대로 보시려면 3D&4D로 봐야 됩니다. 20대 초반에 나왔는데 벌써 20대 중 후반이 ... 세월이 유수처럼 흐릅니다. 나중에 한번 더 볼려고합니다. 연출.연기.스토리.영상미.OST 완벽...,10
30,1보다 재밌으면 추천해주세요~~ ,10
31,개인적으로 난 그냥 그저 그랬음.. ,8
32,Let it go같은 킬러곡이 없음. ,7
33,전작 ost가 너무 넘사벽이여서 노래가 너무 아쉬웠구요 스토리연출도 전갠적으로 원이 나았어요 전체적으로 아쉬웠어요 ,6
34,1편만한 2편없다더니 딱 그런거 같아요 스토리도 좀 산만하고 노래도 1편만큼 감동이 없네요 ,6
35, 영화 제목이 ‘엘사’가 아니라 ‘겨울왕국’인 이유 ,10
36,조금 아쉽네요. 영화는 충분히 괜찮은데 뭔가 짧은 시간에 이것저것 넣으려고 한 것 같아요. 차라리 러닝 시간을 조금 늘려서 천천히 풀었으면 좋았을 것 같아요. 제작진이 과거의 영광 때문에 뭔가 엄청 열심히 만든 느낌...,8
37,역시 전편이 더 나은것같다. 영상미와 ost는 좋으나..옆에 친구는 잤다 ,7
38,와 소름 한 다섯번 돋음39개월딸내미 한번도 안움직이고 봄 ,10
39,영상미는 진짜 대박이였어요... 너무이뻤는데.... 스토리를 그딴식으로 짜면 어떡합니까 이해되기쉽게 천천히 풀어주던가 갑분계 (갑자기 분위기 계속바뀜;;) ,4
40,스토리가 너무 개연성없이 흘러감 대사로 처리하는 설명이 너무 많음 노래가 지나치게 많은데 귀에 꽂히는 노래가 없어서 노래나올 때 지루함 스토리의 개연성이 부족해서 인물들의 감정에 공감이 잘 안됨 ,2
41,500원 돌려줘요 ,6
42,기다림 끝에 개봉일 첫날 아침 조조로 보고왔다! 드디어 기다림 끝에 역대급 스토리~ 쿠키 있으니 꼭 끝까지 보시길★ 음악에 취해 재예매하러가야겠다ㅋㅋ ,10
43,웃음포인트도 적절히 있고 스토리도 좋고 영상미는 정말 공을 많이 들인듯 합니다 .조만간 엘사옷 엄청 팔릴듯 하네용 ㅋㅋㅋ나오면서 사람들 워어어어~ 워어어어~ 이러면서 나오는데 제가 엘사된거 같네요 ㅋㅋㅋ쿠키는 1개입...,10
44,아침부터 반차내고 보고 온 보람이 있다ㅠㅠ 비주얼은 얼음인데 마음은 이렇게 따뜻할 수가..♥ 사랑해 겨울왕국ㅠㅠ 사랑해 디즈니! ,10
45,영상미가 굉장히 좋더군요 ,10
46,스토리나 ost가 전편보단 덜한듯 ,6
47,바다에서 말조련하는장면이 압권입니다 ,10
48,노래들은 좋은데스토리라인이 정말 많이 부실해요서로 안고 울고 그거밖에 없음 ,2
49,전편에 비해 아쉬움. 스토리 개연성없고 노래가 너무 많아산만함. 툭하면 뮤지컬 모드. 애들은 스토리 전혀 이해못했을거임. 기억에 남는 음악이나 장면이 없었음.  대신 영상쪽으로는 전편보다 볼만했고 무엇보다 엘사가 너...,6
50,기대를 너무 많이 한 내 잘못입니다....ㅠ미안해요 엘사♡ ,6
51,놀라울 정도로 지루한 느낌. ,7
52,시각효과말곤 아무것도 없다. ,2
53,"다 필요없고, 도마뱀이 귀여웠음. ",10
54,전편보다는 못한거  같아요... ,6
55, 인트로 부분에 너무 많은 해석으로 억지로 이야기를 만들어낸 느낌을 지울 수 없으며 스토리도 재미없음노래도 귀에 꽂히는 곡이 없었고 기억에 남는 건 엘사 안나 의상 정도? ,5
56,결말 스포일러 있습니다.확실히 스토리 전개가 조금 어이없는 방식으로 빨라서 아쉬웠어요. 하지만 최고의 결말이라고 생각합니다. 마법의 힘을 쓸 수 있는 부족의 딸과 왕족이 만나 두 아이를 낳게 되고 아무능력 없는 인간...,8
57,아니 1때기대하고봤는데 기대치도 아니고 다른 디즈니영화보다 못한것같음 스토리는 전혀 개연성없고 노래 솔직히 새로운시도 하면서 좋았지만 그닥 ,2
58,기대가 많이컸나보네요 지루했음 ,6
59,1편이 너무 강하게 나와버림... 너무 큰 기대를 했다. ,4
60,진짜 다 생각나는데 올라프 요약하는게 제일 재밌음 ㅋㅋ ,10
61,너무기대했나  노래 스토리 어느 하나 재밌는 부분이 없네  제일 재밌는 부분은 퀴즈할때?  여기 평점 높은 이유가 당체 이해가 안간다  다들 빨기 바쁘구만 ,3
62,1화가 너무 대작이라 그런지 2화는 스토리도 없고 재미도 없는데 노래만 개많음. 이걸 만드느라 5년이나 걸렸다는게 의문. 엘사만 이뻐짐. 영화 다 보고 기억나는거 아아아아 이거 하나임. ,2
63,안나가 불의마법소시자라 누가했냐? ,10
64,1편이 밝고 역경을 헤쳐나가는 당찬 분위기라면 이번편은 어른으로서의 진지한 고뇌를 거듭하는 모습을 볼 수 있었어요. 아이들보다는 성인 이상의 어른들에게 추천해요. 배경을 가을로 잡은 점에서 감정의 풍부함도 살아난 것...,9
65,"평점이 이리 높다구요? 스토리 개연성 부족, 캐릭터의 설득력 떨어지는 동기들.. 디즈니 90년대에 플롯이 얼마나 탄탄했는데.. 이데올로기 주입하는 건 너무 자주 나와서 신물나려해요. 영상미빼고는 너무 별로예요. ",6
66,아솔직히 다들 평이 너무 후하네요 음악영화의 기본은 음악을 떠올렸을때 그 가사와 그 장면이 생생히 매칭이 되는지 아닐까요? 알라딘 speechless랑 A whole new world 지금 떠올렸을때 그 곡의 전개마...,4
67,어딘가모르게 산만하고 별다른 재미도 전작에 비해없음O.S.T는 정말 기대이하임 노래가 너무 많이 나왔는데 확 이거다 하는 느낌의 노래가 없음엘사 드레스만 더 화려해짐ㅋㅋ ,4
68,솔직히 잠이 너무올 정도의 노잼입니다.1편을 못뛰어넘는걸 떠나서 너무 재미없잖아...ㅠㅠ ,2
69,"가슴에 손을 얹고 이 영화가 재밌다 할수 있나? 영화나 극장애니를 어느정도 봐왔고, 자신의 취향이 다져있는 사람이라면 잘 만든 영화 못 만든 영화가 보일텐데눈대중이 없는걸까 아니면 ‘이런 영화’는 무조건 신선하게 받...",2
70,옆에분들 올라프 죽을때 우셨습니다. 또한 저도 함께 울었습니다. ,10
71,기대에못미친2였음~~생각에별로 남지않음~음악도 별로였고 남는게없음 ,6
72,크리스토프 왜케 징징거림...?1편이랑 다른사람인줄 알았어요... 아니 지금 나라가 존폐위기가 걸렸는데 프로포즈 걱정하고 앉아있다.. 노래는 또 뭐야.. 갑분노래방배경화면... 노래는 또 왜케 많이 나오는지. 내가 ...,5
73,엘사는 여전히 예뻤고 올라프는 귀엽고 드래곤 너무 사랑스러웠네요 그리고 엘사가 말 타고 바다 건너갈 때 너모 멋졌네요 재밌고 따뜻한 영화 잘 봤습니다 ,10
74,개연성 부족 스토리 부족 볼것은 영상미뿐. 노래로 뜨고 싶은 마음은 이해하겠는데 임팩트도 없고 어두운 노래만 나오고 지루해서 깜짝 잠이 들뻔했다. 애니메이션 2편은 성공한 케이스가 없어서 크게 기대도 안하고 갔는데 ...,2
75,스케일이 더 커지고 뮤지컬보는 기분이었슴다 ,8
76,"와 내가볼땐 겨울왕국1은 스토리상은 별로였다 워낙 ost 렛잇고가 히트쳐서  유명해진거지, 근데 ㄹㅇ 2편은 스토리랑 퀄리티, 배경음악이 ost가 진심 너무 아름답고 황홀햇다. 진심 1편이랑 비교하는 OO들 이해가 ...",10
77,노래 3곡만 덜했어도 더 재밌게 봤을 듯.하아 또 노래 불러? ,6
78,물에게도 기억이 있다. ,10
79,솔직히 좀 유치했다... 그리고 쿠키영상 나오기까지 시간도 너무 길다 전편보다 못하단 느낌을 지울 수가 없다 중간중간 감동 포인트는 있지만 스토리를 어거지로 끼운 느낌... ,6
80,5년동안 나만 커버린줄 알았지만 겨울왕국의모두가 컸다는걸 느꼈던 2 ,10
81,중간중간 개그 요소들 많이 넣었지만 솔직히 재미없었다. (사실 개그도 억지 느낌이라 이제는 별로.. 미안 올라프..) 디즈니 요즘 실사화 영화만 계속 제작하고.. 영상미로만 승부하려는 느낌. 이제 더 이상 창의력은 ...,4
82,전편보다 못합니다. 1편이 정말 명작이었음 ,4
83,우선 스토리 개연성이 부족해 전개가 지루하고 집중이 어려움. 뭔가 1편의 내용을 뒷바침하는 짬 스토리를 마구 묶어놓은 기분.. 아이들과 보기에는 내용이 어렵고 무거움. 영상미는 확실히 1편보다 화려하지만 스토리의 부...,2
84,너무 지루해서 졸았어요 ㅠㅠㅠㅠ ,1
85,뻔한 스토리....전개.... 답은 겨울왕국 1에비해...개노잼 ,1
86,1의 재미를  쫓지 못한듯기대가 커서 그런지 밍숭한 맛이였네요스토리도 그냥 저냥...그래픽만은 최고였습니다 ,4
87,두번 세번 봐도 돈이 아깝지 않을거 같음~~ 역시 최고다 겨울왕국ㅎㅎㅎ ,9
88,베댓보소. 조조끝나지도 않았는데 후기라니 ㅋㅋ 영화는 좀 보고 말합니다. ,5
89,"알라딘으로 비교하자면, 'into the unknown'은 'a whole new world'고, 'show yourself'는 'speechless'다. 이...",10
90,이 영화는 아맥입니다. 여러분 고민말고 아맥하세요 일반관에서 보면 진심 땅을치며 후회합니다 비주얼 좋은 건 크게 보자구요 ,10
91,볼거리 많게 하려고 한건 알겠는데 이건 아니에요. 오글오글.... 제 느낌은요.. 너무 당황스러워요아이들은 계속 재미있게 보더라구요.하지만 이건 아닌 것 같습니다.크리스토퍼뮤직파트는 코믹코드로 넣은 것 같은데 아 그...,2
92,"기대를 저버리지않는 디즈니 겨울왕국1보다 더 섬세한 연출과 스토리,,2번봐도 좋을 영화 ",10
93,너무나 전편이랑 비교되네 ,2
94,4살 우리딸 영화보고 울었어요 ㅎㅎ영상미 정말 압도적입니다. 중간에 크리스토프가 노래를 쌩뚱맞게 너무 길게 부르는바람에 너무 지루했지만....다른건 정말 최고였습니다~ ,10
95,바다에서 파도뚫고 싸우는 장면 진심 아오키지보다 멋있었다bgm까지 ,10
96,스토리 개연성 한개도 없도 일탄이 너무 대작이라고 나무 기대하고 밨나...휴.. 먼가 터지겠지. 터지겠지 하다가 끝난느낌이랄까.. 끝나고 생각나는건 아아아아 이거임 ㅎㅎㅎㅎ ,2
97,글쌔 ..?  1편 만한 2편은 없다는게 이런거구나 느낌 ,6
98,1편의 대중성은 없다..아이들도 이해못할 액션스토리...그냥 디즈니 애니일뿐.. ,2
99,기대를 낮추고 봤지만 그래도 실망스러웠음 스토리 OST 캐릭터 중 엘사만 평타 ,1
100,진짜 개봉하자마자 기대하고 봤는데 실망이에요..너무 많은걸 보여주려고 하다보니 하나도 기억에 남는게 없어요... 엘사만 이뻐졌다는 댓글에 백만반 공감해요뭐가 없어요 그냥 .... ,2
101,다들 모험하고 있는데 크리스토프 혼자 발라드 뮤비 찍고 있음. ,6
102,Into the unknown은 예고편이었을 뿐Show your self 부를때 눈물 차올랐다.실망스럽다는 분들도 있듯이 저처럼 매우 만족한 분들도 계실거란 거죠 ,9
103,진짜 잘뻔했는데 이게 재밌다고?? ,2
104,"올해 6살되는 경주사는 이주용입니다. 전체적으로 영상미가 매우 아름다웠고, OST 또한 심금을 울리기에 충분했읍니다. 같이 간 동년배 벗들도 매우 좋아하였읍니다. ",10
105,이번 겨울도 엘사 머리카락을 이불삼고 보낼 수 있게되었다 ,10
106,역시 1만한 2는 없다...렛잇고는 진정 넘사벽이었다. ,1
107,너무 재미 없음ㅜㅜ 1편이 역시 최고였다 ,2
108,스토리라인에 공감대 형성이 부족하여조금은 억지로 이야기를 끌어간다고 느꼈습니자 ,6
109,전작보다 못한 속편...뻔한 스토리에 렛잇고만큼의 감동을 주는 노래도 없다.기대안하고 보면 그냥 저냥 만족할 만한 작품. 아! 영상미 하나는 끝내줬다!! ,6
110,전편보다 노래가 멜로디도 가사도 훨씬 성숙해졌음.  플롯은 더 풍부하고 목표도 확실하고 디즈니의 자아찾기! 자연소중!의 정신을 잘 보여주는 영화.. 엄마에서 딸로 이어지는 서사도 너무 좋고 인간미가 뛰어난 안나의 용...,10
111,스토리 진행도 매끄럽지 않고 떡밥도 얼렁뚱땅식으로 넘기면서 도마뱀 캐릭터는 무슨 엄청 비중있는 캐릭터 처럼 광고하더니만 검정고무신의 땡구보다도 못한 비중이였다.그냥 갠적으로 돈벌기용 자본주의 애니메이션 느낌.다만 o...,2
112,사실로 말할께요...재미가 없음. ,1
113,1편에서 언급만 되었던 부모님의 이야기와 엘사 마법의 원천 등에 대한 내용들이 해소가 되었던 점이 좋았습니다.노래와 영상미는 말할 필요조차 없이 환상적입니다. 속죄의 아픔을 딛고 성장한 두 명의 여왕. 그들이 각각 ...,10
114,토이스토리가 속편을 진짜 잘 만든거구나. ,6
115,솔직히 말할게~ 알바들은 꺼지고본 사람들 진짜 재미있어?? 완전 별루다지루해서 나가고 싶었다우왕좌왕스토리에 애들은 이해하기도 힘들것 같고스토리 개연성 하나도 없고 심하다 싶을정도로 노래부르고 근데 그 노래도 별루야 ,1
116,"1편은 억압되있던 엘사가 자기자신을 해방하며 느끼는 자유감과 자매의 우정으로 볼때마다 눈물흘리게 만들었지만 , 후속작은? 처음부터 신나는듯이 고음 내지르는 엘사, 한치도 벗어나지 않고 뻔한 행동들만 하는 납작한 캐릭...",1
117,역시 디즈니란 말이 절로 나옴! ,9
118,디즈니 대단하다. 엘사가 말 타고 물 위를 달리는 모습은 정말 아름다웠다. ,9
119,아/아\아/아\제일 기억 남네요! ,10
120,"겨울왕국 이전편을 4번이나 봤을만큼 정말 팬이였고, 이번 2편 엄청 기다렸는데.. 너무너무 좋았고 ost까지 완벽했어요.. 정말 꼭 나왔어야하는 2편이라고 생각합니다. ",10
121,영상미는 좋으나 내용이좀 지루했어요 중간에 하품이 나와서 ㅜㅡㅜ1편이 더 좋았어요 ,6
122,2편과 이어지는 스토리는 좋았지만 살짝 지루한감이 없잖아있음 ,6
123,"완전 블록버스터 수준, 뮤지컬이라는 장르와 아름다운 만남, 또 하나의 최고작품 ",9
124,냄비로 잠시 끓다 식을 것이다. ,1
125,일편보단  별루네요...  기대를 너무 마니 하지마세요 ,6
126,엘사의 자아를 찾은 모습이 너무나 보기 좋았고 아름다웠습니다. 특히 개인적으로 백마와 함께 하는 씬이 최고였습니다. ,9
127,스토리가 너무 개연성없이 흘러가서 어이없어서 콧바람이 흥흥나옴응...? 어..? 하다보면 시간 금방 갑니다^-^ ,2
128,엘사한테 반했어요ㅋㅋ넘나이뻐버림ㅠㅠ 아이도 좋아해서 최고최고 ,10
129,노래고 스토리고 1탄이 더 낫네요 알바들한테 속아 어지간히 재밌는줄 그 놈의 지겨운 노래는 끊임없이 나오고 ,1
130,쿠키영상 있으면 추천 좀.. ,10
131,1편보단  아이들  몰입이  약 간  떨어지는데  영상 은 너무 이뻐요 ,10
132,"정말 후....,,, ",1
133,1편을 보고 기대했다면 조금은 실망스러울수도 있어요 아이들이 보기에도 조금은 지루할 수 있고요 동화 속 해피엔딩 이 후 정말 왕자와 공주는 행복하게 살았는지에 대해 궁금해 하며 나는 지금 어릴적 꿈을 향해 올바르게 ...,10
134,1편처럼 가벼운줄 알았지만 ㅋㅋ 생각보다 스토리 크네요 ㅋㅋ애기들은 이해하기 힘들듯 ㅋㅋ재밌어서 한번 더 보러갈 계획 ㅎㅎ ,10
135,노래를 많이 불러요 1편보다 더 ,10
136,완벽한 영화. 3번 봤음. ,10
137,내가 뭘 본건지 모르겠다. 내용에 공감이 안되니까 영화보는게 아니라 영화 메이킹필름...? 이런거 보는 느낌... 평점이 높아서 놀랐다. ,1
138,1편을 재밌게 본 사람으로서 2편은 너무 기대가 높았었나뵈요.. 7살난 쌍둥이 딸내미 둘다 지루해하고 OST도 인상깊지 않네요.. ,6
139,사람들은 1보다 못할것 같다고 걱정하는데 사실 1만큼 히트치기 어려운 건 사실임 제작자들도 그 정도일줄은 몰랐을듯 그래도 2편까지 나온 애니메이션들 중에서 정말 최고임 ost도 렛잇고가 핫하다고 치면 2편에 ost는...,10
140,1편은 넘사벽 스토리 + OST 근디 2편은 그냥 엄청 지루함 진짜로. 그리고 노래 욕심을 많이 부려서인지 노래가 진짜 많음...근데 그게 엄청 지루함. 띵곡이 없음그냥 블랙머니 보는게 낫다. 지루하다 ,6
141,저랑은 안맞네여.. 스토리도 엉성하구여.. 사실 왜이렇게 열광하는지 이해가 안되는 ㅋㅋ 코코 같은 애니는 묻히고 ㅠ ,6
142,ㄹㅇ 개 노잼 스토리 개연성 부족 ,2
143,상상 이상으로 캐릭터들은 따로 놀고 노래도 Let it go 반도 못따라갔음. 심지어 For the first time in forever 만한 노래도 없음. 영상미는 발전했지만 스토리도 중구난방이고 심하게 기대해서...,5
144,엘사가 예쁨. 스토리는 잘 모르겠어요 중간에 ㅇ살짝 졸았네요 ,4
145,올해 디즈니 작품 최고는 겨울왕국2가 아니고알라딘이었음ㅠㅠ영상미 빼고는 1편보다 나은게 없음 ,8
146,이야기와 내용이 산으로 가는 영화그들은 아무이유도 모른채 30년간 싸워왔으나 첫만남에 충성을 하고 물건 하나에 또 충성을 한다. 마지막까지 한마디에 모두가 본인의 신념을 꺾는다. 설득력은 하나도 없으며 재미없는 농담...,1
147,디즈니스러운 실패작.. ,1
148,재미로만 본다면 8점이지만 영상미가 너무 이쁩니다!! ,10
149,영화보면서 짜증낫던적은첨 ,1
150,겨울왕국2의 스토리가 훨씬 좋았어요^^전 유치원 선생님이예요여자아이들이 겨울왕국이후에 파랑색에 편견이 살짝 줄어서 좋습니다^^ 여자친구들의 옷과 신발에 하늘색과 보라색이 엄청 많아요디즈니가 겨울왕국을 통해 파랑을 선...,10
151,1편 보고 기대했다간 큰코다칠것.. 많고도 많은 노래중 마지막 엔딩곡빼곤 기억에 남는곡도 없음 ,3
152,볼거리는 많은데비해 스토리는 빈약함 ,4
153,재미는 있었는데크리스토프 단독무대밖에 생각이 안나요ㅠ ,10
154,"30대 직장인, 개봉일 아침부터 엘사 보고는 한동안 잊고 살던 두근거림을 느끼고 출근했다... ",10
155,지나치게 많은 음악은 우리 몸에 해롭습니다. ,2
156,전작만한 후속작은 역시 없다 ,4
157,1편 보다 훨씬 화려해진 그래픽. 물의 정령을 길들이는 엘사의 모습이 너무 멋졌다. ,10
158,크리스토프 앞으로 마이크 압수 ,10
159,1편이 너무 강력하다보니 1편 생각하고 기대하면 후회합니다.보다가 잠들었네요 ㅠ ㅠ화려한 영상이 좋아서 별 5개 줍니다.주말이라 극장안에 아이들이 엄청 많이왔는데그만큼 소란합니다. ,5
160,여번 엘사 드레스 역대급 인정? ,10
161,괜찮지만 역시 1편의 명성이 ㅋㅋ ,7
162,이 정도면 엘사는 어벤져스에 합류해야 하는 거 아니냐 ,10
163,스토리는 복잡하며 감동의 순간도 제대로 연출하지 못한 지루하면서 산만했음!! 남는건 엘사의 미모? ㅠ ,5
164,"기술력, 사운드, 작화, 스토리.. 무엇하나 빠지지 않는데 중반을 넘어가면서 생기는 이해할 수 없는 오글거리는 연출들.. 크리스토프 솔로곡은 코믹적인 요소로 사용을 한거니까 괜찮은데 다른 씬들에서도 다비슷한 연출을 ...",4
165,기대가 너무 높았나?1편보다 뜬금없는 뮤비가 많다 ,4
166,올라프 너무 귀여웡 ,10
167,엘사가말탈때 정말최고였습니다!!!! ,9
168,영상미는 백점...근데 스토리가 노잼....노래도 너무 많이 나왔는데 임팩트가 강한건 별로 없어서 많이 아쉽.... ,6
169,그냥 그랬어요 기대하지 말고 가세요 ,6
170,"음악은 대중성이 1편보단 못한듯요.영상은 굉장했어요!꼭 3D나,4D로 보시는걸 추천이요. ",8
171,전작을 너무봤더니  ㅠ  그에비해 ..영상미는 넘 예뻤어요. 꽂히는노래가 많이없어서ㅈ아쉽네요 ,6
172,"영상미는 뛰어났지만 1편이랑 비교해서 줄거리도 임팩트가 적고, 여운이 남는 노래도 별로 없어 아쉬웠습니다. ",6
173,울라프 사춘기옴 ,10
174,또 보러 가야지. . . . ,10
175,겨울왕국 2가 아니라 겨울왕국 1.1 번외편 정도(?)였습니다. OST나 연출 전부 다 너무 집중이 안되는 느낌이였어요. 영상미는 진짜인정... 하지만 스토리가 없음 다 말짱꽝 ,1
176,그냥  영상미  이쁘다 하고끝 다른거없어요  뭐  개인취양이니깐 ...아.... 내가  진짜  겨울왕국 빠다.  집에  엘사가 최소  3명은 있다    하면 보시고 아니면  거르시는거  추천 드려요 ,2
177,아렌델이 망쳐놓은 숲속 사람들의 삶을 아렌델이 시혜적으로 구원하는 오만함 ,1
178,기대없이  봤는데도 기억이 남는게  없음 ost역시도 1편같은 킬링트랙이 없음 ,6
179,걍 재미없었음. ost도 귀에 안들어옴.1이 너무 히트였음 ,1
180,호불호가 많이 갈리는듯하다 나는 1에 비해 스토리도 그렇고 딱히 감명받았다는느낌이 없었다 ,6
181,진짜 댓글알바아니고 앞으로 보고올사람들에게 알려주고 싶은건 스토리개연성 1도없음. Let it go 같은 소름돋는 OST가 나오겠지 나오겠지 하다가 끝까지 안 나오고 영화가 끝남. 1탄이 10점만점에 10점이라 가정...,4
182,"2시간을 소중하게 쓸 사람은 보지 마세요.빈약한 스토리, 감동없는 OST, 재미도 없습니다. ",1
183,영화보다가 잠와 혼났다. 스토리나 음악은 별로. 이런 높은 평점은 곧 내려갈거라고  장담한다 ,4
184,영상미 빼고 지루하기만 했다 ,6
185,...ㅠ 많이 실망이었어요ㅠㅠ ,1
186,뻔하고 뻔한 스토리지만 그래도 울고웃는부분이 명확하고 노래 하나하나가 쩔었던 1이 정말 재밌었기에..2를 보고 많이 실망함. 개연성 나가리에 뻔한 스토리인건 여전하고 노래들도 딱히 생각나는 노래 없음 ㅠ 그냥 엘사가...,4
187,솔직히말합니다 시즌1이 최곱니다 ,6
188,신선함  사라짐. 노래도  재미없고 시끄럽기만 함 ,1
189,1편보다 스토리가 재미 없음영상미는 1편보다 완전 최고임1편은 서너번 봐도 잼있었는데 2편은 두번보고 싶지않음?아이가 계속 지루해서 언제 끝나냐고 물어봄스토리가 너무 재미없어서 초반에는 완전 졸았음보러온 아이들이 집...,2
190,잔짜 최악 뭔내용인지도 모르겠고 이걸 지금 왜 하고있나 노래는 귀에들어오는게 하나도 없고 늘어지고 스케일도 없고 영상미 임팩트 하나도 없고 모든게 오글오글 가을왕국인줄 ,1
191,사실 이번에 기대를 많이해서..쏘쏘여도 즐겁게 보려햇는데..이거뭐;;난리납니다 스케일은 둘째치고 OST가 기가막혀요ㅠㅠㅠ짱잼! ,10
192,신데렐라2가 없듯이 겨울왕국2도 안만드는게 전설로 남을뻔 했어요 억지로 스토리 만들고 시간끌기 사랑타령 미국식 뮤직컬이 어린이 정서에 전혀 안맞고 성인조차 지루 합니다. 얼음 마법 특수 효과만 볼만하고 나오면서 다들...,1
193,말해 뭐해요아묻따 이지요ㅋㅋㅋ ,10
194,다소 스토리 전개가 루즈하고 클라이막스까지 기다리는 시간이 지루함.디즈니는 어른도 보다보면 환타지 그 세계에 빠져들어 감동을 주는 맛이 있는데 이번편은 뭔가 속편의 스토리 짜내기같은 느낌을 지울 수 없고 스토리에 빠...,4
195,"전 1편보다 더 좋았어요, 영상 OST 스토리 그리고 안나가 슬퍼할 때 너무 슬펐고 엘사가 역경을 이겨내고 말타고 달릴때 감동받았어요, 이렇게 멋질수가.. 등장인물 다 좋아요! ",10
196,1편과 비교하기엔 어려운 듯. 연출이 부족했고 극적인 요소도 부족했어요. 너무 캐릭터를 어설프게 잡은 부분도 있고 영상으로 풀어낼 부분을 개연성 없이 말로 풀어낸 점은 정말 지루하고 별로 였어요. 그냥 가볍게 볼 애...,7
197,아이들하고 보러갔는데 내가 더 빠져들었음..애들이 왜 엘사에 열광하는지 이해가 감.. ,10
198,사뭇 진지해진 올라프를 보며 느꼈다. 이 영화는 1편을 보고 자란 어린이들이 사춘기 때 어떻게 해 나가야 하는지 알려주는 영화인 것을 ,10
199, 1편의 떡밥을 회수하면서도 흥미로운 소재로 이야기를 다뤘어요. 영상미는 전편보다 뛰어나고 노래는 무척 세련된 느낌을 줍니다. 부모님의 과거를 되짚어보는 영화에요. ,9
200,뭐보면 알겠지만 스토리는 이게뭔가싶고 노래는 과한데 임팩트는 떨어지고 ... 그냥 엘사가 1보다이뻐졌다가 다인 영화인듯ㅜㅜ.. ,6
201,엘사여왕님 미쳐 ,10
202,주제가 왔다갔다하네요..별로였어요. ,6
203,"진짜 노잼. 영화로서의 뭔가를 기대하면 진짜 노잼 내용도 없고 감동도 없고, 캐릭터성만 기대하는 사람들만 좋아할 거 같아요. 2재밌게 보는 사람들은 영화를 별로 본 적이 없는, 캐릭터 애착 때문에 재밌는듯; 1시간 ...",5
204,조조로 봤는데 명불허전 겨울왕국은 겨울왕국이었음 이번 ost도 전국을 강타하겠군ㅋㅋㅋ ,10
205,이걸 내 돈주고 보다니 네이버 평점 진짜 믿을게 못된다.스토리 개연성은 정말 1도 없고 갑자기 왜? 라는 생각이 강하게 드는 내용들이었다.진정성 및 개연성 없는 스토리에 가벼운 유머를 섞고 억지로 끼워맞춘 노래들때문...,2
206,스토리부분에서 개연성이 조금은 떨어지는 것 같지만 이외에 모든 부분이 빛을 발하는 느낌..! 엘사 너무 이쁩니다!! Into the unknown~~ ,10
207,솔직히 전개가 너무 산만해서 좋은 영화인지는 잘 모르겠다. 다만 영상미와 음악 퀄은 명성 그대로. ,6
208,정말 최악이네 완전 유딩영화 ,1
209,크리스토프 뮤비가 짱이었다 ,10
210,스토리가 개인적으로 더 깊어진 느낌ost는 말해 뭐해 아직도 들어요 ,10
211,꾸역꾸역 몰입해보니 결론은 감동적이었으나..사방에서 ADHD급의 테러를 하는 아이들과 방관하는 부모들로 열받기 딱 좋은 영화..영화관도 노키즈존 만들어주세요..ㅠㅠ ,2
212,여러분 꼭 4DX3D 보세요..제발요ㅠ 영화가 시작되는순간 그곳은 겨울왕국 그자체입니다.. 당장이라도 손에서 마법이 나올것같다구요ㅠㅠㅠ엘사가 머리풀고 달리는 장면은 정말....눈물쏟을뻔...영상미와 노래는 뭐... ...,10
213,1편만한 히트곡도 없고 스토리도 억지스럽고태어나지말았어야 속편 ,4
214,Show yourself 씬은 렛잇고보다 감동적이었음 ,10
215,엘사 왜 이렇게 예쁘나요 저만 설레나요ㅠㅠ ,10
216,"영상미는 뛰어남 워터홀스 타고 뛰는장면 멋집니다 눈물을 흘렸어요다만, 중간에 너무 졸렸어요 스토리가 지루해요그리고 애들 뒤에서 과자쩝쩝거리고 시끄러웠어요 ",2
217,장난하나  초등학생 단체관람하던애들도 욕하더라 ,1
218,떠드는 애들보다 가만놔두는 부모들이 더 화난다. ,9
219,노잼이내요ㅠ 내 피같은돈ㅠ ,2
220,지금 영화관에서 보고있는데 노잼이라 죽을것 같음ㅡㅡ 나갈지 말지고민중.. ,1
221,이건 좀...실망스럽네요. ,3
222,기승전결과 전개가... ,2
223,1부보다 나은 2부는 없다 ,1
224,거북이는 엉덩이로 숨을 쉴 수 있대요!                                                            - 올라프가 ,10
225,진짜 개뉴잼이닼ㅋㅋ절대 보지마세여 ,2
226,올라프의 1편요약이 기가맥힙니다 ,10
227,이게 재밌냐? 진짜 언제끝나나 기다렸다.노래 많이나오는건 둘째치고 그냥 재미가 없자너...너무 루즈함 과거회상장면이 많은데 노잼 대사 영어대사 자체가 수준이 낮음 유치함 ,1
228,저도 아이엄마지만 남에게 피해를 주는데도 가르치기는커녕 더 큰소리로 대화를 합디다...ㅠㅠ 제발 역량이 안되면 집에서 감상들하세요!!! ,6
229,진짜너무지루해서 뛰쳐나가고싶었음 원래 영화리뷰안남기는데 충격먹어서 답니다 ,4
230,기대 이하다...ㅠㅠㅠ ,1
231,기대가 너무 커서 그런지 ost와 스토리가 조금은 아쉬웠어요.. ,6
232,"픽사 영화에 비해 진짜 스토리,연출 다 개판. 그냥 ost랑 캐릭터 더 팔아먹을려고 2탄 만든 느낌임. ",1
233,정말 지루함의 연속이었습니다.아이들과 와이프 모두 실망했네요 ,1
234,쩝 기대가 너무 컸는지 나는 별로였다 올라프는 귀여움 ,6
235,노래도 빈번하게 나오고스토리에 개연성이 없습니다배경이 된 가을 영상미는 있습니다.겨울왕국 1이 훨씬 재미있었네요개인적으로는 2 실망... ,4
236,개노잼 진짜노잼. 이딴걸 예매해서보다니 쌉후회중 ,2
237,1편 삽입곡들 다 좋았는데 렛잇고 만한 노래 들을수없음...왠지 2편은 성인타켓 애니메이션 같았음. 어른들의 노래 같아 그런지 기억에 남는 노래 하나도 없음... 가사만 다를뿐 다 똑같은 노래같다.그래도 중간에 울라...,1
238,OOO에요 보지마세요 진심 ,1
239,40평생 영화보다 졸은 적이 처음. 초3 아들 아이는 재미있다고 함. 영화보고 나오는데 내 뒤에 사람이 자기 친구에게 졸았다고 함. ,1
240,차린건 많은데 정작 먹을게 없는 후속작 ,6
241,재미 없음. . 1편때문에밨는대 그냥 그저 그럼 스토리 누가 만들었는지 . 노래 기억나는건 모아나 때나온 우아나우아나..멜로디 똑같은거. ,1
242,굳굳 올라프란 도마뱀이 귀여움 ,10
243,마이너스 점수는 없나요? 1점 주기도 아까움ㅠ ,1
244,아이들데리고 영화관 갈 때는 영화보는건 포기하고 가는편인데 오늘 조카애들 셋뿐만이 아니라 다른 좌석 아이들도 집중해서 보느라 얌전히 있는거 보고 나도 덕분에 재밌게 보았습니다. 1편보다 다소 어두운 분위기에 아이들이...,10
245,"쓰레기 각본, 현저히 수준낮아진 양산형 OST.어른들의 선동 메세지. 어리숙한 전개방식. 완벽한 아마츄어 무비. 디즈니 애니메이션 사상 최악의 후속작 ",1
246,스토리 너무 별로다. 왜케 산만한지 ,1
247,아이들이 너무 좋아하네요 너무너무 재미있게 봤습니다 ,10
248,여친이랑 봤는데 여친에게 미안힌지만 시원하게 졸았슴다 ,6
249,돈은 아깝지 않지만 역시 1편 넘는 2편은 없는것 같습니다.3D로 보면 진짜 멋있을것 같긴 하네요. 저는 1편에 대한 기대감으로 보고왔습니다. 1편은 영어공부하려고 100번도 넘게 봤지만 몇몇 OST 부분을 빼고는 ...,8
250,ost도 그렇고 내용도 전편이 더 재밌던것같음..엘사는 겁나 이쁘게 나오긴했는데... ,8
251,에효... 그냥 vod로 보세요... 그냥 그래요...ㅠㅠ ,1
252,"스토리 적인 부분에 보완을 해주었으면 하는 부분들이 있네요. 노래를 몇 개 빼더라도 있었으면 좋았겠다, 설명을 좀 더 해줬으면 하는 장면들이 있었습니다만. 전체적으로 잘 만든 영화입니다. 보러가셔도 후회하시지는 않을...",8
253,몰입이잘안되었음.ㅈ.내용도지루하고 딱히 감동없음 사실 돈아까움1편이 좀 더 나은거 같음몰입이잘안되었음.ㅈ.내용도지루하고 딱히 감동없음 사실 돈아까움1편이 좀 더 나은거 같음몰입이잘안되었음.ㅈ.내용도지루하고 딱히 감동...,6
254,졸려 죽을뻔했어요 ㅜㅜ 잤네요 경궁 ,2
255,디즈니 영화 치고 별로 유치하지 않고 청소년과 어른에게도 수준이 잘 맞는 영화. 2번 봐도 지루하지 않음. 특히 Show Yourself 그 부분은 몇 번 봐도 소름돋음. ,9
256,영상미와 OST가 좋았습니다. 힐링되는 기분이였어요! 엘사와 안나는 너무 이쁘고 귀엽고 스벤과 울라프도 너무 귀여웠습니다! 내용은 애니메이션적인 요소가 있어 비현실적이기도 했지만 그게 또 겨울왕국의 묘미 아닐까 싶었...,8
257,물은 기억하고 있다.아토할란에서 show youself 부르는데 너무 감동받아서 울컥했는데  엘사의 모든 기억들이 보여지고 이두나 왕비가 어서오렴 하는데 엘사 우는거 보고 같이 울었다.ㅠㅠㅠㅠ ,10
258,딸아이가 봤는데 1탄 보다는 재미가 없었다고 하네요.영상은 화려하고 멋있었네요.더빙으로 봐서 그런지  실감나지 않았나봐요. ,6
259,아버지어머니 살아계신줄알았네 ,10
260,진짜 기대 반도 못한다평점은 왜이렇게 높은지 ㅋ기대 낮추고보세요 레알1편은 진짜 재밌었는데 ,1
261,별점 오지게 박습니다. ,10
262,연출이 섬세하고 또 웅장해요 ,6
263,1편을 너무어릴때 봐서 재밌다고 느꼈었나..   2편은 별로네요.  보실거면 아침엔 절대 가지마세요 ,3
264,다 필요없다. 엘사님 미모에 취한다 ,10
265,개인적인 컨디션이 있어서 제대로 감상을 못한 부분도 있지만 전반적으로 1편과 다른 감동이 있었습니다.보면서 속으로 좀 꼬인 성격이라 1편의 영향을 받아 억지로 짜맞출려고한건 아닌지 싶었는데 여러 리뷰들과 다시 정리해...,10
266,레알 진짜 재미없엉 ,1
267,아 이건 좀..  보다가 잤음 ,2
268,이건 겨울왕국이란 제목이 아니고 디즈니란 백그라운드 없이 개봉했으면 바로 내렸을 영화 수준이었다. ,1
269,"노래로 흥했으니, 노래로 억지로 해볼려하는 티가 너무 역력함. 스토리는 정말 디즈니가 맞나 싶을 정도임 ",1
270,겨울왕국1도 성인일때 봤음에도 감수성 자극하고 노래가 너무 좋아서 인생 영화였는데 기대를 너무 했나봐요 스토리가 일단 오바스럽고 1편이랑 끼워맞추려고 억지느낌이였음 지루하고 마지막에 엘사가 머리 풀어헤치기 전까지 유...,4
271, 영상미는 너무 좋았어요~ 옆에 외국인들은 엄청 웃던데 ㅋ 저는 1편이 더 잼있었어요 .. 살짝 지루 ㅜㅜ 나는  아직 아이인가.. ,8
272,보다가 잤습니다평점알바에 속았어요 ,1
273,남들 본다고 재밌어야 되냐 왜 보는거냐 난 노잼 ,1
274,그래서 이영화의 주제는 뭔가요?; ,6
275,엘사안나 개예뻐요.. 신 캐릭터들도 맘에들어요 근데 크리스토퍼는 ..할많하않 ,10
276,5년의 시간을 들일만큼 아름다운영화1편과 온도차이가 좀 심해서인지 평점이 낮으신분도있는듯한데 2편이 있음으로하여서 작품성이 더 늘어난듯합니다 ㅎㅎ 굿 ,10
277,아쉽게도 스토리는 지루하고 올라프가 열일했음주제가도 렛잇고처럼 박히는 곡없고 아쉬움이 큰 속편이었음 ,6
278,많이 감동적이었어요. 우는 아이들도 있었고 재밌다고 깔깔대며 웃는 장면도 많았구요. 또 보고싶네요. ,10
279,많은 ost곡에도 불구하고 기억남는곡이 없음영상은 아름다웟으나 스토리진행이 살짝 쳐지는느낌좀 졸리기도 … 초등2학년 딸은 좋아했으나그녀도 1편처럼 여러번 볼것 같지않음 ,6
280,영상미 끝내주네요 ㅠㅠㅠ  아이들 보기에 내용은 1보다 심오한면이 있는데 저는 2가 더 재밋었어요 ,10
281,최고의 애니메이션 영화라고 해도 과언은 아니다.이런 기술력 미국에만 있어서 질투가 난다 평점이 낮은건 더빙판을 봐서임 자막판을 추천 ,10
282,1편이 더 재미있는듯해요. 그래도 잘봤네요. 아이도 좋아했어요~^^ ,6
283,왜 나는 재미가 없었을까……노래좋구 그눈사람 웃긴거울아들은 넘감동이라는데난… ,4
284,스토리 영상미 오에스티 거기에 감동까지 전부다 좋았어요 엄청난 흥행작의 두번째 작품이라는 기대감만큼 디즈니가 이를 갈았다는게 느껴졌네요 ,10
285,엘사 머리푼거 너무 예뻤어요 ,10
286,성숙해진 분위기와 노래가 너무 좋았어요!! ,10
287,"처음에는 물! 불! 바람! 땅! 이런거 나와서 크게 기대하지 않고 봤는데, 정말 감동적이었습니다ㅠㅠ 1편에서 왕이 되었던 엘사는 2편에서 신이 되어 돌아옵니다..ㅋㅋㅋ 갓 엘 사 ",10
288,전 진짜 재미있게봤어요 ! 보고나서 바로 OST 다운받았어요 크리스토프 독백에서 좀 웃겼지만ㅋㅋㅋ ,10
289,그래픽이 너무 좋아요 울라프가 너무 귀엽네요 ,10
290,역시 기대를 저버리지 않아요ㅠㅠㅠ진짜 너무나도 재미있었어요!!! ,10
291,역시 디즈니의 ost ,8
292,아이들하고 너무 재미있게 봤습니다.역시 겨울왕국 이네요 백마탄 엘사님 장면 너무 인상적이였어요 ,10
293,아기 안나가 너무 귀여워서 시작하자마자 울뻔했습니다 ㅠㅠ ,10
294,애들보다 제가 더잼있게봤습니다..  애가넘좋아해서 비티비소장으로 다시구매도했습니다.. 좋은영화 감사합니다.. ,10
295,완벽한 결말입니다. 안나 똑똑하고 솔직당당한거에 비해 주목을 못받는게 안타까웠었는데 완벽!한 결말! ,10
296,1에 비해 그렇게 재밌진 않던데? ,1
297,노래가 넘 좋았어요마지막에 엘사 넘 예뻐용!!! ,10
298,1편보다는 조금 아쉽지만 엘사가 2곡이나 불러줘서 좋았어요.노래보다는  아↗아↘아↗아↘ 가 더 기억에 남음. ,9
299,진심 2는 졸림 ㅈㄴ 노잼임 1때문에 낚시당하는 영화임 ,2
300,큰기대는 안하고 봤지만 역시나 재밌거나 감동적이지는 않았습니다. ,6
301,Ost는 전작보다 약해졌지만 각본 영상미는 디즈니가 이를 갈고만들었다 싶을정도로 매우 탄탄해졌음 다만 전작에비해 스토리도 약간 복잡해졌고 분위기도 어둡다보니 겨울왕국1때 특유의 디즈니스러운 밝은분위기를 기대하고간 어...,9
302,기대안하고 봐라. ,5
303,"영상미에 놀라고 크리스토프때문에 웃다가 목소리 때문에 안타까움을, 할아버지에게서 인간의 본성을 보았다. into the unknown 부분에서의 엘사의  고뇌도 느꼈네. 너무 노래만 나오는 것 같아서 진부하다 생각했...",9
304,보통 보통 보통 입니다너무기대햇나봅니다 ,2
305,4대강 디스 영화...ㅋㅋㅋ 대한민국의 사회문제를 디즈니에서??? ,8
306,안나와 엘사의 우애는 언제봐도 최고ㅠㅠ 영상미도 최고 난어른인데..스스로의 두려움을 이겨낸 엘사가 너무 아름다워서 눈물이났다 ,10
307,"어른이봐도 하나도 유치하지 않고 재미있어요. Ost, 스토리 모두 1편 보다 나아요! ",10
308,기대안하고 봤는데 넘 재밌게 봤어용~!! ,10
309,영상미 미쳤네요...애니메이션팀 완전 갈아넣은거 같아요ㅠㅠ4D로 또보려고여... 넘 재밌고 엘사랑 안나 멋있고 울라프 넘 귀엽네요ㅠㅠ ,10
310, 울라프 넘 귀여오 울뻔햇스 ,10
311,영화속에 내가 있는 거 같은 느낌 1편보다 영상미가 좋아서 감탄하면서 봤음 1편 ost가 밝은 느낌이었다면 2편은 포스트에 있는 안나 엘사 표정처럼 웅장한? 그런느낌 굿굿 ㅠㅠ ,10
312,엘사랑 안나랑 너무 이뿜 ,8
313,"영상미가 압권이고, ost도 렛잇고가 워낙 강렬해서 그에 비해, 기대치에 비해 별로라고 생각했는데 계속 들으니 더 웅장하고 멋진 음악인 것 같다. 볼 때보다, 오히려 보고 나서 더 감동이 느껴지던 영화. 여운이 남는...",10
314,서사의 비중이 높아지니 웅장하고 깊은 감동이 남았습니다. 황홀한 영상미와 훌륭한 OST 만으로도 저에게는 환상적인 뮤지컬 영화가 되었습니다. ,10
315,모험과 이야기가 더욱 풍성해졌네요^^ ,10
316,엘사의 옷도 멋지지만 능력이 업된 모습을 보니 넘 멋졌네요^^ 다들 무겁고 어두운 스토리라고 하지만 전 오히려 좋았네요 ,10
317,겨울왕국2 주인공은 만화캐릭터일 뿐이지만 두려움이 없이 적극적으로 문제를 해결하는 여성상을 잘 드러내고 있지요. 물론 복잡한 현실에서도 그러한 여성들을 볼 수 있지요. 과거 문제가 계속 반복되지 않도록 숨기지 않고 ...,10
318,정말 제 마음을 감동시킨 환상의 영화인것 같습니다ㅠㅠ 어른이 된 저마저 동심의 세계로 빠져들게 하는 역대급 디즈니영화! ,10
319,다보고 나면 머리속에 아아아아가 계속 남을겁니다 ㅋㅋ ,10
320,보다잤다.. 너무유치하고 웃기지도않고 감동도없고 노래가 좋지도않고 휴 ㅡ ㅡ이걸 성인이 왜보는거지 대체 ,1
321,2019년 최고의 영화로 손색이 없습니다. ,10
322,Ost는 전작보다 중독성이 약하고 대신 여러개가 들어가 뮤지컬 느낌도 났음. 스토리가 개연성 없다고 하시는분들은 이해를 잘 못하신듯. 전작과의 개연성이 뛰어나고 스토리는 전편보다 뛰어남. 전편은 디즈니스럽고 아이들을...,10
323,초등딸과 함께봤는데 1편 내용과 자연스럽게 연결되어 웃음포인트도 있고 몰입도도 좋았어요~ 엘사의상 올겨울에 대박유행할듯 ㅋㅋ ,10
324,겨울왕국을 항상 인생영화라고 이야기했어서 이번에 시즌2가 개봉한다고해서 기대하고봤는데 기대 이상이네요 정말.. 자매의 사랑이 잘 보이는 영화였고 아직도 여운이 남아서 헤어나오질 않네요 진짜 너무 재밌었습니다 쿠키영상...,10
325,개봉일에 가서 4DX로 봤습니다 시사회 본 사람들이 호불호 갈렸다 이런 말 너무 많아서 반신반의하면서 봤는데 역시 디즈니는 디즈니야 이러면서 감탄하면서 나왔습니다ㅎㅎ 그리고 생각보다 어른들만 웃긴 포인트가 많아요 실...,10
326,영화를 보고 나서 모두가 Into the Unknown이 제2의 렛잇고라고 할때 이번 시리즈의 하이라이트이자 렛잇고를 이을 곡은 단연 Show yourself라고 말할 수 있게 되었다 ,10
327,"어둡다 색채가 다르다,1편만 못하다..라고 해서 걱정했는데완전 재밋었어요. 아이들 모두 넘 잘 보았어요.주연은 따로 있었는듯요. 쿠키영상 꼭 보래서 기다렸는데 아이들이 있어 속으로 욕함요..뭐지;;;음악은 좋아요, ...",10
328,"몇번이고 다시 보고 싶은 영화입니다. 실사를 능가하는 영상미에 아름다운 음악, 그리고 무엇보다 매력적인 캐릭터들을 다시 만나고 싶어요. ",10
329,불의정령 졸귀탱ㅜㅜㅜ ,10
330,ㅠㅠ난되게재밌었는데 왜 욕할까요나는 장면 하나하나 집중해서 보느라눈떼기도 아까웠는데..다 멋있어서 방금 지나간 장면인데도다시 보고싶다고 생각했는데..!너무 재밌게 보고 왔어요!또 보러갈 의향 백프로있어요 ㅎㅎㅎ ,10
331,역시 겨울왕국ⓑ 올라프에다가 도마뱀까지 귀엽고 행복한 영화.. 빨리 3편나왔으면 ,10
332,역시 겨울왕국 역시 디즈니.. 1과는 또다른 재미 좋았네요~~ ,10
333,아~아~  아아~~    이것만 기억남솔직히 중간에 자버림 ,1
334,노래가 너무 자주나와요. 전편만 못한듯 ,6
335,각 캐릭터의 시점에서 전개되는 내용의 연관성이 없어서 좀 분산되는 느낌? 애들때문에 상영관이 개판이었던 것도 한 몫 했고..돈주고 스트레스만 얻는 것 같긴한데 엘사가 너무 멋있고 예쁘고 다 해서 볼만함 ,8
336,엄청 기대하고 본 겨울왕국돈 주고 이런 영화를 보다니 내용도 그렇고 음악도 전혀 같이 즐길 수가 없었다. 기교만 뽑내고 화면만 화려하면 영화냐...재미도 없고....지루해서 혼났네 내가 별점 준 첫 영화임 왜 이리 ...,1
337,전작만큼의 감동이나 명곡은 없음. 그치만 1편이랑 비교했을때 그렇다는거고 2편 자체는 꿀잼. 스토리 자체가 새로운 에피소드라기 보단 1편을 설명하는 느낌에 가깝고 안나가 아렌델 여왕된걸 보면 앞으로의 후속편을 위한 ...,9
338,레딧고 만큼 기억에 남는 노래는 없지만 전작 재밌게 봤다면 만족스럽습니다. 사알짝 뭔가 사알짝 아쉬움이 남지만 간만에 겨울왕국 등장인물들 보니 옛날 친구보는 기분이고 재미있었어요 가장 기억에 남는건 올라프 1편요약 ...,9
339,5번 울었어요ㅠ 영상미 엄청 뛰어나요..그리고 크리스토프 노래부르는거 촌스럽..ㅋㅋ 엘사 조녜임 ,10
340,1편과 비교가 무의미..또다른 감동이였다.항상 그렇듯 초반 잠깐 졸았지만 정말 잘만들었고 엄청 공을 들였다는것이 느껴진다. OST말들 있으나 직접 영화와 함께 들으니 계속 머리에 멤도는 중독성이 있다.대단하다.. ,10
341,이번에는 ost보다 영상미 스토리가 좋은것 같음..여러분 늦은 밤 시간대 보세요.. 아침 오후 일찍가면 어린이 초딩 시험 일찍 끝난 중고딩 학생까지 정신없습니다.. ,9
342,사랑해요..겨울왕국 3 만들어 주세요...제발... ,10
343,간달프가된 엘사여왕님 ,10
344,내용도 좋고 노래도 좋았네요! 시간이 빨리 지나가요~ ,9
345,스토리는 1이 재밌어요 ,10
346,역시 믿고 보는 겨울왕국2 ㅋㅋ어린이 어른 따질거없이 재밋게봤습니다 다들 꼭 보세요 ,10
347,상업영화로선 재밌지만 1편에 비하면 좀 떨어짐 그리고 크리스토프 대체 존재 이유를 모르겠음 하는것도 없이 시도때도없이 청혼타령으로 민페만 끼침 너무 짧은시간에 많은걸 집어넣으려고 해서 전개도 휙휙지나감 그냥 1편처럼...,8
348,,10
349,"인생영화....재탕하면 재탕할수록 빛이난다.렛잇고의 높은 벽을 넘지 못했지만 대부분의 테마가 그에 준하게 좋다.후련하기도 하고 아쉽기도 한 마무리였지만 개인적으로 토이스토리처럼 3,4가 나왔으면 좋겠다 싶은 영화 ",10
350,진짜..내 인생 애니메이션임.. 아직도 노래나 영상만 보고 들으면 심장이 두근거림 사람들이 시시하다고 그랬는데 뭐가시시하다는 건지 이해가안감..난 어제 봤는데도회상해보면 눈물남 영화3번은 다시 볼 수있을 정도임..엘...,10
351,그래픽이 너무예뻐거 넋놓고봤어요! ,10
352,"OST 노래와 영상미에 투자를 많이 한 것 같았다. 스토리는 산으로 갔지만 노래, 엘사의 마법, 영상미에 신경을 많이 쓴 것 같았다. 전작처럼 스토리가 탄탄하거나 좋은 노래는 없었던 것 같다. 올라프만 내내 웃겼다....",6
353,파도에 휩쓸려도 쓰러지지 않는 엘사. 왕국을 위해 힘차게 달리는 안나. 개인적으로 엘사의 코스튬이 레깅스로 바뀐 것에 박수를 보내고싶다. ,9
354,아이들과 함께 봤는데 아이들은 상당히 재미있어했습니다. 근데 저는 서사가 1편보다는 좀 떨어지고 영상미는 훨씬 앞선다고 생각했습니다. ,8
355,확실히 1탄보다 화려해진 느낌입니다재미있게 보았습니다^^ ,8
356,영상미는 좋았지만 스토리가 별로 크리스토퍼는 도대체 왜 넣은건지... 크리스토퍼 나올때마다 짜증났음. 진취적인 엘사는 멋있었고 안나도 1편에 비해서 성장한듯한 모습을 보여줬다. 하지만 자꾸 크리스토퍼가 등장해서 안나...,4
357,"높은 흥행을 기록한 겨울왕국1의 후속작임에도 불구하고 기대한 만큼 만족스러웠다.개연성,메세지 모두 좋았으며Ost와 연출,영상미는 당연히 ",9
358,"성숙해진 영화, 재밌어요 ",10
359,3편을 기대해봅니다. ,10
360,영화보고 ost 계속 찾아서 듣게되네요~~into the unkown~~~(올라프 귀여웠어요 ㅠㅠ) ,8
361,음.. 전반적으로 투 머치.. ,8
362,울라프가 내용 요약해주는 장면 정말 재미있었어요 ,10
363,황홀했어요 강추합니다 ,10
364,영화중간에 .. 특히 크리스토프 노래씬에서 뛰쳐나갈뻔한거 겨우참았습니다. 돈아까웠으니까요.스토리 정말 개연성도없고 쟤는 왜저래? 어? 쟤는 또 왜저래? 어어?? 이러기만하고 크리스토프 프로포즈 수차례 실패하는것도 관...,1
365,"스토리와 ost는 1편보다 못했으나, 영상미는 뛰어났다. 1편이 10점이라면 2편은 9점을 주고싶다. 1편을 뛰어넘진 못했지만, 아름답고 화려한 영상미만큼은 최고였다. ",9
366,독점이고 자시고 잘만드는걸 어떡해여 ㅠㅠ ,10
367,"처음 시작할 때 부터 나오는시즌1에서 왕국이 녹을때 나오는 노래가 나오길래바로 눈물쌌다,,중간중간 말로 설명할 수 없는 울컥함때문에어린 아가야들도 있는 상영관에서 혼자 훌쩍거림,,한번 더 볼 의향있음 ",10
368,"줄거리가 장황하고 서사적인데  올라프는 수다스럽지 ,안나는 언니한테 시끄럽게 집착하고 편집증처럼 걱정하지 ,엘사는 스모키는 더찐해졌는데 그와반대로 유약해졌지 스토리는 방대해졌는데 대사가 너무 빨리지나가서 눈알이홱홱돌...",2
369,개역대급 눈물난다 진짜 ,10
370,하도 스토리 개연성 없다길래 속편이 그렇지 뭐..하고 보러갔다가 눈물샘 폭주하고 무릎꿇으며 기어나옴 ㅠㅠㅠ 아니 대체 이 스토리에 개연성이 없다는 사람들 뭐지ㅋㅋㅋ 엘사안나 존재의 이유가 풀리는데 뭐가 개연성이 없어...,10
371,겨울왕국2 영화를 봤는데 너무 감동적이고  영화 스토리가 너무 좋았고 눈물도 흘리고 또 겨울왕국3 개봉헀으면 좋겠다 라는 생각을 들고 이번 영화 진짜 재미 있었습니다. ,10
372,걍 미쳤음 와.. 디즈니보고 울컥해서 울줄이야 ,10
373,1편을 이기는 2편은 없었네요..너무 재미없고 지루했어요 쿠키영상은 관람객을 희롱하는것도 아니고 그 긴 크레딧을 다 볼때까지 5분넘게 기다렸다 볼만한 영상도 아니였구만 관객들 못나가게 발잡아놓고 마지막 짧게 보여주는...,1
374,1편 보다 스토리 음악이 부족해 아쉽다 ,8
375,노래는 시즌1보다 기대치에 못미쳤지만 세계관이 깊어진 점이 마음에 든다. 올라프와 크리스토프의 주접이 인상깊었음 ,8
376,영상미가 너무 예뻤어요 ,10
377,1도 그렇고 이거 어린아이들도 보라고 만든 전체이용가 등급 영화입니다 너무 아름답지 않나요. ,10
378,너무 재밌었어요 강추 좋았습니다 ,10
379,어른이 봐도 몰입도 높은 재미있는 영화 입니다. ,10
380,엘사 전작보다 더 아름다워요얼음마법도 진짜 아름답고노래도 전작보다 쉽진않지만 노래와 영상미잘어울려요저는 두번볼려구요ㅎㅎ ,10
381,너무너무 재밌어요 옆에서 여자친구 보다가 울었어요 ,10
382,개인적으로 1보다 재미있게 봤고 영상미가 정말 미쳤다고 생각합니다.. 한번 더 보고싶네요!! ,10
383,볼거리는 많다 하지만                                                 산만한 이야기 전개                                                  ...,4
384,잘봤습니다. 어른들이 더 좋아하는듯 ,10
385,렛잇고를 능가하는 노래는 역시 없었다 ,9
386,전편을 너무재밌게봐서 그런지아주~막 재밌진않았어요. 더빙된걸 봐서 그런거 같기도하고;;ㅋㅋ ,8
387,영상미 놀라웠어요~색감도 다채롭고^^근데 지루한 면도 있었네요^^; ,8
388,애니매이션 주인공들을 다시 보는 것이 이렇게 반가울 줄은 몰랐다. 스토리가 탄탄하고 높은 수준의 영상미를 보여 준 것 같다. OST는 한 번 들은 기준으로 1편의 렛잇고만의 Impact를 줄 만한 것들은 느껴지지 않...,9
389,돈맛 좀 봤다고 음악을 억지로 꾸역꾸역 다 때려넣은 느낌. 디즈니는 구관이 명관이다 ,1
390,"1편때는 어려서 잘 몰랐지만.. 2편은 현실반영그자체네요, 저도 지금 시험을도전하고있는데, 엘사를통해 큰 위로와 힘을 얻었습니다! 가족을기반으로 스스로 두려워하지않고 담대하게 부딪쳐서 결과쟁취하겠습니다♥ ",10
391,겨울왕국2를 보게되면 우리는 다른 디즈니 명작을 찾아 혈안이 되고 엄마들은 엘사 드레스를 구하기 위해 혈안이 된다 ,10
392,"1편 기대하면 완전 실망. 귀에 남는 노래 하나 없고, 이야기도 산으로 간다. 아, 1편만한 속편 없다더니.. 완전.. 하아.. 3D효과도 없음 ",6
393,개인적으로 스토리도 1보다 더단단하고Ost도  더좋았어요!만족스러웠어요 ,10
394,역시  저버리지 않네요..넘 잼있어요.. ,10
395,진짜 네이버는 다좋은데 알바가 문제임...알바만없으면 진짜 좋은데 ,10
396,역시는 역시입니다 정말 재밌네요 ,10
397,겨울왕국은 스토리면에서는 치밀하지는 못한 것 같다는 생각이 듭니다. 1편에서도 그렇고 스토리 전개가 개연성이 없는 면이 많죠. 정말 많은 부분에서 스토리 흐름이 우연적으로 진행되는 경우가 많네요. 가장 말도 안된다고...,10
398,1편보다 재밌었음 어른들이 더 감동받을 스토리 ,8
399,어린이들보다는 어른이들을 위한 영화인 것 같네요. 안나의 모습을 통해 아주 절망적인 상황에서도 지금의 내가 해야하는 일들을 계속해나가야 하는 어른들의 마음을 보여주는 것 같아요. 엘사를 보면서 인간이 가지는 자신의 ...,9
400,어른이봐도 좋을 애니메이션. 개인적으로 시즌2가 더 좋다. 얼음에 이어 물이라니. 말이나올때부터 이 영화에 매료됐다 ,9
401,,10
402,"1만큼 충격적이진 않습니다. 그러나 1만큼 재미있습니다. 노래, 영상미 뭐 하나 빠지지 않아요. 2번이나 봤습니다. ",10
403,개인적으로 1편보다 더인상깊었고 배경이 정말 웅장하고 멋있었다. ,10
404,재미있게 잘 봤어요.남자역할이 미미하고 여자역할이 막강해서 남편이 좀 슬퍼했네요 ㅋ시대가 변했다며 ㅋost는 1편이 워낙 막강해서 어떻하나 걱정했는데 자꾸 들으니 이번꺼도 좋네요엘사 진짜 용감하네요 와우 ,10
405,디즈니답게 영상미 너무 아름다웠습니다. ,10
406,크리스토퍼 뮤비 장면 나왔을때 빵 터졌습니다ㅋㅋ ,10
407,이정도면 돈 안아깝다. ,9
408,너무 좋았다. 힐링이 다른 게 아니다.. 이게 힐링이지 늘 동심을 찾아주는 디즈니 ,10
409,음악이 좋아요 ,9
410,진짜 애니메이션계 탑입니다.. ,10
411,존잼꿈잼 엘사 짱♡1234 ,10
412,모든면에서 엄청난 확장팩이다.의상상 꼭 줘라. ,10
413,영상미가 정말 아름다워요.. 1편 버금가는 2편 인정 ,10
414,재미지게 보고 왔습니다~^^엘사가 왜 마법을 가지고 태어났는지무슨 인물인지 알게됐내요~^^일편과 자연스럽게 연결되어 있어요~^^ ,10
415,"역시 겨울왕국.. 스토리도 탄탄했고, 음악도 역시 멋져요!!! ",8
416,엘사 드레스변할때 영상미가 쩔었다 ㅠㅠ ㅠ ,10
417,역시겨울왕국2도넘~재미있게봤어요~사운드또한대단했어요^^ ,10
418,겨울왕국2 넘나 잼있다~~~ ,10
419,오에스티와 올라프가 너무 좋았던 영화입니다 ,9
420,3D애니메이션의  끝판왕  아~아~아아!!!   다좋은데  특히  물의정령  말이 진짜  멋있었다 ,10
421,"두 딸과 함께 보며, 아이들이 엘사와 안나처럼 믿고 의지하고 사랑하며 살았으면 좋겠다는 생각이 들어서 뭉클 했습니다. 변치않고 함께할 수 있는 가족과 친구가 있다는게 얼마나 소중하고 행복한일인지.. 겨울왕국 덕분에 ...",10
422,"1에 비해 임팩트와 스토리의 깔끔함은 부족함.영화 초반부터 쌓아나간 스토리가 ost 몇 번 부르고 그냥저냥 심심하게 마무리 된 느낌..결말에 조금 더 임팩트를 줬으면 어땠을까..OST나 영상미, 몇몇 개그 요소는 여...",7
423,1편에 비해서 스토리에서 오는 감동은 덜해요. 영상은 최고입니다!! ,8
424,개인적으로 1보다 더 감동적이었어요~ 캐릭터마다 이야기를 잘 살린 것 같아서 너무 좋았어요 ,10
425,스케일은 큰데 뭔가 비는 느낌. 그럼에도한번 더 보고픈 영화 ,8
426,엘사가 성장하는 과정을 아름답게 그려서 보기 좋았습니다. 노래 굿 ,9
427,7살 조카랑 엄청 기대하고 갔는데... 둘 다 잠들뻔 했습니다. 뒷 쪽에 유치원 단체도 왔는데 웃고 보는 아이 한명이 없네요; 조카가 결국 재미없어... 노래만 주구장창 나오고 내용은 쓸대없이 어려워지고; 차라리 3...,4
428,영상미는 좋은데 내용도 진부하고 보는내내 지루하고 졸렸음~ 내가 이상한건가? 왜 죄다 극찬뿐인거지? 흠... 노래도 아아아아~아 이 부분만 기억남 ,2
429,오랜만에 영화보다 졸았습니다 ,6
430,역시 겨울왕국이었지만 노래가 과하지않았나 ,8
431,별로입니다중복과 재탕이 만연한 영화 ,1
432,겨울왕국 너무 재밌어요! ,10
433,재미 있게 봤어요 아이가 좋아해서 또 봤어요 ,10
434,"별로,, 비추,, ost 너무 과한 느낌이고 보다가 지루해서 잠 ",4
435,1편보단 확실히 별로임... ,8
436,"엘사 3단변신, 올라프의 개념정리 ",9
437,이번편 올라프가 한 건 했다 ,9
438,솔직히 ost 처음들을땐 시즌1보단 별루네 했는데 계속들으니까 좋고 입에서 맵돌아요 아아~ 아아~ ,10
439,4DX로 보다가 안구건조증을 얻었습니다 ,8
440,솔직히! 1편만큼은 아니지만 그래도 괜찮습니다. 너무 기대하고 가진마세요! ,8
441,역시 최고였다 근데 생각보다 애들은 많지 않았다 오히려 성인들밖에 보이지 않았다.. 평일에 보는 게 아이들없이 조용히 감상가능 할것 같다.. 엘사랑안나 너무 이쁘고 울라프가 젤 귀여움.. ,10
442,겨울왕국은 겨울왕국이다. 스토리 영상미 ost 모두 좋았다. 겨울왕국만의 분위기와 감동이 있다. 사랑스러운 영화. ,8
443,내가 지금 영화를 보는건지전국노래자랑을 보는건지 당췌 이해가 안가네 ,2
444,1편 보다 깔끔하지 못하고 억지스럽다. 스토리텔링에서의 실패. 자연적 아름다움과 포스트모더니즘 사이에서 갈팡질팡하다 나온 디즈니식 졸작 ,3
445,1편 하고 비교 해서 뭐가 더 재밌네 하는건 웃기는것 같아요~전 1편 2편 너무 재밌게 봤고 뒤에는 살짝 눈물도 났네요ㅎ ,10
446,기억에 남는게 크리스토퍼 뮤비뿐 ,10
447,"너무 재밌었어요ㅠㅠ 역대급,, 엘사 이쁘고 멋있고 혼자 다하구뇨 ",10
448,아이가 좋아했어요. ost가 더 깊어진 느낌입니다. ,10
449,2번 보러갔고 2번 다 울면서 봤습니다. 이번편은 어른들을 위한 영화였어요 ,10
450,역시 1편을 넘지 못해서 아쉽네요... ,6
451,겨울왕국1 새롭고 언니의 마법이 신기하고 궁금하고 안나귀엽고 엘사 예쁘고표정 노래 다 홀딱 반하게 했던 겨울왕국.기다리던2는 정말 실망ㅠㅠ 내용 허접하고 전반적으로 어둡고 노래 그저그렇고. 기대가 커서 실망도 큰듯....,2
452,기대가 너무커서 별로였어요 ,4
453,엘사 너무 멋있어요.. ,10
454,엘사와 말 크리스토퍼의 뮤비만 기억에남음.. ,8
455,진짜 대유잼 겨울왕국 처음 봤을 때 그 느낌 그 감동 그대로 되살아남ㅠㅠ 이제 한동안 오스트 돌릴듯ㅠㅠ ,10
456,1에비해 너무 딸리는 스토리 전개 짜증날정도였다 ,1
457,영상미는 명불허전이고 캐릭터들의 개성도 여전히 좋았지만 극 흐름이 매끄럽지 못하고 개연성이 떨어짐. 가장 결정적인 문제는 메인 빌런이 아예 없다는 것인듯. 전편보다 어두운 분위기로 주인공들의 역경을 보여주려고 한거면...,6
458,스토리가 별로... 노래만 뜬금없이 좋네요 ,6
459,군중심리가 대단한 나라다...개성이 없는 나라... ,1
460,아쉽게도 일편을이길순없네 ,7
461,모든부분 실망스럽네요. 그저 캐릭터 상품 팔아먹으려는 연출뿐... ,1
462,엘사가 자신을 찾는 건 좋았지만 뜬금없구 힘이 부진한 스토리.. 하지만 넘나 예뿐 엘사온니ㅠㅠ 크리스토프 옛감성솔로가 젤 조흠 ,7
463,기대했는데 생각보다 좋았어요. ,10
464,아묻따..겨울왕국...솔직히 1차로는 이 감동을 온전히 느끼기 힘들다.. 갓즈니 N차로 보답할게요 ,10
465,1편에 비해 노래 과하게 많이 넣음. 근데 기억에 남는 노래는 딱히 없음. 스토리도 매력이 없고 뜬금없다고 느껴지는 스토리. 안나는 계속 엘사와 함께 하자고 하는데 1편과 마찬가지로 엘사는 안나를 밀어내고 동생 취급...,5
466,물은 알고 있다!!! 우와~엘사여왕 신통력 쓰신다!!! 우와~그런데 전반적으로 영 와닿지는 않는다...굳이 볼 필요가 없는 후속편. ,5
467,겨울왕국1편도재밌어서5번봤는데이건10번넘게볼수있을정도로재밌고 노래가완전대박임이영화대박추천  마지막엘사가머리푼거찐대박!!재밌었던사람은좋아요를! ,10
468,"Show Yourself 들으면 이제 전율 느껴집니다. 영화보면서 오스트 도입부분 부터 눈물 흐름. 일생동안 찾아헤매던 존재를 목전에 두고 드는 애틋함, 그리움으로 시작된 감정이 설레임과 벅찬 기쁨으로 바뀌면서 클라...",10
469,방금 보고도 또 보고싶은 영화 ,10
470,말이 필요없는 영화 정말 굿! ,10
471,"모든 음악이 전작을 너무 의식하고 있어서 타이틀곡 빼곤 다 아.. 싶었네요. 컨셉을 정해놓고 만들어서인지 조잡. 웃긴 장면들은 원작 컨셉들을 해치고, 진지한 이야기는 조각조각 떨어져 있는데 좀 뜬금없음. 와중에 영상...",6
472,1편만큼 재미있지않네요 졸렸어요 ,7
473,40대 아재입니다. 영상미도 좋았지만 엘사와 안나의 정신적인 성장과 서로를 향한 깊은 자매애를 보며 모처럼 가슴따뜻해졌네요. 무엇보다 show yourself 가 최고였구요. 온몸에 소름돋도록 감동적이었습니다. 죽도...,10
474,노래 너무 좋다ㅏ 진짜.. ,10
475,,10
476,"내용이 너무 재미있고, 아이들이 보기에 이해가 쉽게 번역이되어있어 좋아요 ",10
477,ㅅㅅㅅㅅ ,10
478,아이와 함께 보니 더 즐거웠습니다!ㅎㅎ ,10
479,1편에 비해 연출이 더 뮤지컬스러워요. 안나 좌절했다 일어나는 부분 연출이 특히 그랬어요. 개연성은 솔직히 잘 모르겠는데 엘사가 예뻐요. 그래도 재미있어요. ,8
480,개인적으로 1편보다 더 다양한 관점에서 만족감을 느꼈습니다 ,9
481,어릴때부터 공주는 왕자를 만나서 오래오래 행복하게 사는게 행복의 결말이라고 생각했는데 어른이 된 지금여자가 왕이 되고 영웅도 될 수 있는 스토리를 만나서 무척 새롭고 기쁩니다. 저는 어른이 되고 뒤늦게 희망을 얻었지...,10
482,어른아이할거없이 정말 무한감동입니다.엘사와 안나엄마가 엘사를 부를때 엘사가 5번째 정령이란 사실이 밝혀졌을때 살짝 눈물도 났어요 ㅎ 뮤지컬같은 느끼도 들고 환상입니다 ,10
483,1편에 이어 2편도 재밌게 봤어요~다 보고 나서 한참동안 노래가 머릿 속에 맴돌았어요~^^ ,10
484,아아~~~~아아~ ,7
485,최고  멋져요.최고 입니다.좋아요.감동.다시보고 싶어요.하나하나 에니메이션 션이  죽여줍니다.말 .나오는 장면 전 감동 이였어요 ,10
486,1이 조금더 취향인 것 같습니다 ,8
487,"마지막에 엘사가 아렌델 구할때, 우리나라 지도자가 엘사였으면 좋겠다는 생각이 들었다. ",10
488,말이 필요없는 완벽한 영화 ,10
489,엘사 쥰나 이쁩니다. 여러분들! 꼭 보세요! ㄹㅇ 개이쁨 ,10
490,역시 기대를 져버리지 않네요이번엔 영상미까지 더해져서 더 좋았습니다 ,10
491,엘사는 이제 신이 되었다 ,10
492,아아아아~~아아아~~~` ,9
493,겨울왕국1 도 너무 감동적으로 봤지만 2도 너무나 감동적이고 또 보고싶네요 ,10
494,영상미는 더 좋아졌어요. 그러나 마지막의 스토리는 김이 빠지는 것 같아요. ,8
495,1편보다 흥미롭고 눈이 즐거운 장면들과 귀가 황홀할 정도의 OST가 많았다. 1편이 렛잇고에 집중하여 폭죽을 터트렸다면 2편은 작은 폭죽이 아주 많이 준비되어있다. ,9
496,"화려한 영상미, 스토리 전편보다 개인적으로 재밌었습니다~ ",9
497,어린애들이 보기에는 내용이 어려웠고 너무 과하게 ost를 넣은것같았음 디즈니가 너무 돈맛을 많이 본 결과 ,7
498,30대 후반 남성 입니다. 어릴적 디즈니 만화 동산을 보기 위해 일요일 아침 일찍 일어 났었던 추억이 많습니다.... 성인이 되어서도 디즈니 작품은 어릴적에 느꼈던 재미와 감동을 .. 나이를 먹어가면서 느껴지는 또 ...,9
499,개인적으로 2편이 더 좋았음.VOD나오면 바로 봐야긋다 ,10
500,너무 재밌게 봤습니다. 1편이 6년전 작품이라는걸 실감하게 할 정도의 멋진 영상미와 완성도를 보여줬다고 생각합니다. 디즈니가 디즈니 했다! ,10
501,엔지니어 갈아넣은 연출.. ,10
502,아이들과 재밌게 잘봤어요..애들은 괜찮았는데 전 혼자 슬쩍 눈물을ㅎㅎㅎ ,9
503,초반에 올라프가 엘사 흉내내는 장면 빵터짐 ,9
504,아이와 또한번 극장을 찾아가게만드는 영화였습니다. 즐겁고 재미있게 보았습니다.지난 영화내용들이 떠오르면서 즐거움이 배가되었어요.모든가족들이 함께 모여 보기 좋은 영화였어요.감사합니다. ,10
505,잘 보았어요  공주님들 드레스도이쁘고 엘사가정말이쁘네요ㅎ ,8
506,딸아이와 정말 재밌게 보았습니다. ,10
507,아이랑 봤는데저도 지루할 틈 없이 잘봤습니다.아이도 재밌어했어요~~ ,10
508,엘사가 너무 예쁘고 그래픽 최고 ,10
509,역시 디즈니 ,10
510,겨울왕국 2 두 말 하면 뭐합니까 너무 재밌고 흥행해라%~~~!!! ,10
511,4대강은 미래가 없는 사업이라는 걸 아이들에게 보여줄 수 있는 영화네요 ㅋㅋㅋ 온 국민이 꼭 봐야한다고 생각해요~ ,10
512,"1편이 너무 띵작이라그렇지 2편 그림체도 좋아지고 올라프도 재밌고... 노래도 좋고, 재밌게 봤는데 솔직히 렛잇고 누가 이겨...,, ",10
513,"무엇 하나 빠지지 않는 명작 판타지 애니메이션입니다. 두 번 보고 글 남깁니다. 디럭스판 음반이랑 DVD 살 거예요. 첫날 보고 너무 감동 받아서 다음 날 또 예매하고 봤네요.영상미, 음악, 캐릭터, 연출 등등  매...",10
514,1편 못지않게 2편도 짜임새있는 내용이였고 중간중간에 ost곡들 나올 때 소름돋았네요. 특히나 저는 show yourself 곡 나왔을 때 감명깊게 느껴졌습니다. ,10
515,엘사 머리푼거 존예 ,10
516,엘사랑 엄마의 노래 콜라보가 좋왔어요 ,10
517,"보는 내내 소리 질렀음,,, 부모님 서사부터 백마탄 엘사님까지 완벽한 조합 ",10
518,약간 눈물 포인트도 있고 괜찮았는데 너어무 재밌다까진 아닌? ,8
519,아이와 함께 재밌게 봤어요 ~~ ,8
520,재밌어요 영상미도좋고 재밌게 봤어요 ,8
521,겨울왕국2 진짜 대박 잘만들어다 겨울왕국3  도 나와라 ,10
522,1편보다 조금은 어른들이 볼수있을만큼 무게감이있어서 좋았어요 ,8
523,스토리가 살짝 아쉬윘어요!! ,8
524,잘봤어요~스토리가 좋네요 잼있어요 애니도 이뿌고~ ,10
525,애니메이션중에  제일  완성도도  높고~  청소년들이   봐도  교육에  좋을만큼   성장영화인것  같아요~~   OST도  넘  맘에  들고  영상미도  깔끔하니  진짜   사람이  연기하는것  같았어요~~  각 ...,10
526,"7년만에 다시나온 이유가 있었네.7년을 작화,연출,그래픽,ost,캐릭터 디자인 모든 혼을 갈아 만들었네 1~2년 안에 이렇게 못만들어요 ",10
527,역시 믿고 보는 디즈니 애니메이션 지금 당장이라도 소장하고 싶은 영화노래는 항상 소름끼칠 정도로 너무 좋음 참고로 안나랑 엘사 너무 이뻐요 ,10
528,엘사 보고있으면 있던 병도 사라짐. 모든게 아름다웠고 감동적이었던 월드클래스 무비! ,10
529,제발 애기들 데리고 오실거면 좀 말려줘요...울고 소리지르고 노래부르고 뛰어다니고 ㅠ 짜증나!!그리고 글씨도 못읽는 애기들인데 왜 자막보냐!!!우씨그러니 애기들이 집중을 못하지 ,8
530,1을 넘어섰습니다. 1이 어린동심의 드라마적 서사였다면 2는 어른들의 스토리에 1의 모방이 아닌 분위기자체를 변화시키면서 몰입도높고 연출력이 매우 뛰어납니다. ost 전곡 하나하나가 레전드 명곡. 특히 show yo...,10
531,끝나고도 여운에 취해서 한 번 더 관람했어요. 어린이 영화이지만 디즈니와 음악을 좋아한다면 누구나 사랑에 빠질 수 밖에 없는 영화. ,10
532,아~~~아아아아~~~ ,10
533,겨울왕국1을 3번 볼 정도로 광팬이어서 이번 겨울왕국2도 기대하고 봤습니다. 호불호가 갈린다는 이야기가 있었지만 그런 말이 무색할 만큼 넘 재밌고 멜로디도 계속 귓가에서 흥얼거려요 ㅠㅠ 아직 한번 밖에 못 봤지만 앞...,10
534,"1편의 엘사는 그냥 얼음공주같았다면,2편은 겨울왕국 세계관 확장에 개연성을 불어넣은것같다 그리고 더 주체적이다다만 let it go같이 꽂히는 음악은 없고,크리스토프가 덜 매력적으로 그려진건 아쉽다엘사와 안나가 주인...",10
535,전두번봄 한번더볼거임노래 감동지려 영상미 오죠 연출 지려 연기 개쩔지 물 표현할때 ㄹㅇ 진짜인줄 그리고 노래가 흥얼거리느게 없을수 밖에없는게 노래가 어려워서 그럼 노래자체의 감동은 2가 훨씬 좋음 ,10
536,매우 훌륭합니다. 최근 본 영화중 만족도 가장 높았음. ,10
537,영상미가 이뻤어요!! ,10
538,"1편 묘사에 급급한면도 보이고, 뮤지컬 영화처럼 말로하는 노래를 너무 넣어서 지루했어요. 후반부에 긴장감도 돌면서 근사한 느낌은 받았지만 전체적으로 조금 아쉬운감이 있네요. ",8
539,엘사와 안나의 얼음판타지는 여기까지... ,5
540,겨울왕국2 요약 아↗아↘아↗아↘ ,9
541,눈물즙 짰다 울컥하고 감동적이다 ,10
542,자장가 지대로 듣고 나옵니다.. ,10
543,여러분! 겨울왕국은 그냥 엘사의 미모와 화려한 마법에 코피 터지는 영상과 어울리는 음악이면 되는겁니다! 역시 동서양을 막론하고 여왕님은 찬양해야 합니다. 연느님과 엘사 만만세!!! 겨울왕국 1이 '두려움의 극...,10
544,겨울왕국2 안 본사람하고는 말 안해 묻지도 따지지도말고 그냥 봐요 ,10
545,영상미  화려하고   잘봤어요 ,10
546,"엘사는 겨울왕국의 진정한 빌런인듯.. 1에서는 아렌델 얼리고 안나 죽일 뻔 하고, 2에서는 괜히 정령 깨워서 아렌델 물바다 될 뻔ㅋㅋㅋㅋ 개인적으로 크리스토프 ost가 제일 좋은듯. 뮤비보고 뿜을뻔 ",10
547,엘사가 쓰는 화장품 알려주세요 디즈니님워터프루프 대박이네요 ,10
548,두번째로 보니 첫번째보단 눈에 들어오는게 훨씬 많네요 평점은 9.3정도 주고싶은데 소수점 못주니 10점 줄래요 ,10
549,겨울왕국 1보다 다른 느낌을 받았다. 저절도 찡하게 느껴진다. ,10
550,완전 짱!! 겨울왕국은 다 띵작임 ㅠㅠㅠ엘사 죽엇다가 다시 살아나는 건 진짜 안나가 완전 캐리했네 ,10
551,겨울왕국1때는 뒤늦게야 보게되서 이번에는 나오자마자 시간 날 때 바로 보고왔어요. 중간에 울라프가 겨울왕국1 내용을 짧게 원맨쇼처럼 설명해주는 장면이 있었는데 그게 진짜 너무 귀여웠어요. 그리고 ost도 진짜 좋더라...,10
552,영상미가 돋보였어요.  엘사 너무이뻤어요근데 전1편이 더 재있었네요ㅠ ,8
553,이번에도 올라프는 졸귀였다. ,10
554,이번 ost는 노래방에서 따라부르지도 못하겠네..ㅠ 혼자 부르려고 만든 노래 ,10
555,최고임 주말엔 조카 데리고 가려구요 ,10
556,역시 디즈니!! 최강 재밌었어요 남녀노소 만족할만한 영화입니다 ,10
557,너무재밌어요 ㅜㅜ ,10
558,어른 아이 모두 즐겁게 볼 수 있는 영화입니다 1편에 이어 2편도 너무 좋았습니다 ,9
559,1에 비해 스토리가 더 진지해졌고 스케일이 커졌다 당시에 본 어린이 관객들이 보기에 딱 좋을만큼 6년이라는 시간을 반영한 설계인듯한대 덕분에 1의 영상과 음악엔 만족하지만 스토리엔 살짝 아쉬웠을 성인층에게도 충분히 ...,10
560,이 영화의 유일한 단점은 관객이다..초딩 관객 ,10
561,,10
562,반짝반짝 북적북적 어떻게든 눈과 귀를 사로잡아 보려하지만 보다 더 산만할뿐 1편에 한참 못미친다 ,6
563,"겨울왕국2 재미없었다, 감동이 없었다고 하는 사람은 그냥 이해 수준리 초딩보다 못하는 급;; 스토리 ㄹㅇ 미뗬는데 ",10
564,개인적으로 1보다 재밌음.무조건 강추^^ ,10
565,스토리전개가 명확하고 화면구성이 우수함 ,8
566,조카보여주려고 갔는데 아재도 입벌리면서 봤음 ,10
567,1편보다 좀 더 어른을 위한 동화같은 느낌. ,10
568,최악의 애니메이션.  스토리 억지로 쥐어 짠 . 지루함의 극치. Ost도 아~~아~  ㅠㅠ~  ㅠ ,1
569,초반엔 좀 지루하네여ㅜ ,8
570,넘 기대한걸까요ㅠㅠ전작보다 못해요 ,5
571,1편보다는 좀..그동안 감섬이 매말랐나?ㅠㅠ ,8
572,너무 재미있었는데 저만 그런가요?영상미 CG 너무 잘살렸고 노래도 너무 이야기랑 잘 이어지게 나오고 성장하는 과정을 너무 이쁘게 잘 그려냈던 것 같아요. 영화 이틀 전에 봤는데 노래 계속 귀에 맴돌고 다시보고 싶은 ...,10
573,전편만큼 재미있습니다~애들도 잘봤어요~ ,8
574,1편의렛잇고를 잊게해주네요~ 아~아~아~아~ ,8
575,겨울왕국 캐릭터들♡♡♡다 사랑스럽고 노래중독됨 아아~~ 아아~~ ,10
576,"1편보다 어두워졌지만 영상미, 연출 등 다른것들은 훨씬 더 좋아졌다 ",10
577,1편보다 못할까 걱정이 많이 되었지만 너무너무 재미있게 봤어요 역시 디즈니 ,10
578,엘사의 변신은 애니메이션인걸 잊게 했다. ,10
579,"레디꼬만 남긴 1편에 비해 모든 점 월등해진 속편이었다. 비쥬얼, 사운드 샤킹하게 조화롭고 찬사받을 자격이 충분히 있다. 특히 크리스토프 단독씬은 정말 천재적 발상이다. 엘사 솔로와 함께 투탑이다. ",10
580,재미가 없어요 ㅠㅠ 영상미눈 인정ㅋㅋ ㅎ ,4
581,엘사 넘 멋있음 존멋 영상미가 정말뛰어남 ,10
582,재미가 별로 없네요 노래는 많이 부르네요 ,8
583,소름 쫙 끼침ㅋㅋㅋ진짜 개쩐다 5년전에 봤을때도 기술 칭찬했는데 더 어나더 레벨이 돼서 나타남ㅋㅋ ,10
584,"제가 죽을때까지 후속편이 나왔으면 좋겠습니다.디즈니가 대단한게 OST나올때의 그 연출력이나 그 노래에 얽힌 사연 등이 노래와 함께 폭발하며 가슴 속에 남습니다. 보고나면 마음이 따뜻해지는 영화이고, 꼭 영화관에서 보...",10
585,울라프가 제일 웃기네요.1편보다 너무 기대해서 그런지 조금 못하네요 ,8
586,1편을 넘는 2편은 없을 줄 알았는데 진짜 1편보다 재밌음 너무 감동적이고 연출과 영상미가 미쳤다 물론 렛잇고는 못넘지만 그걸 제외하고도 훨씬 재밌고 감동이 있다 애니메이션이 아니라 예술이자 작품 ,10
587,올라프에게 위로 받았다. ,9
588,영상미 100점 뮤직비디오 10점 스토리 1점 ,2
589,1편보다 전반적인 스토리가 부족하긴 했어요. 캐릭터도 훨씬 더 평면적이고. 다만 거부감 갖지 않은 여성서사를 이렇게 대중적으로 퍼뜨렸다는 것 그리고 트라우마 치료과정을 효과적으로 나타냈다는 게 너무 좋았어요. 3편이...,10
590,Do you wanna billd a snow man?쿠키영상을 보기위해서는 엔딩을 10분이상 기다려야 한다는 점!참고하세요~ ,10
591,아쉽다....잘 만들었는데 재미는 없다 ㅜ ㅜ ,2
592,"엘사가 이제 퀸이 아니라니,, ",10
593,영화끝나고 나가지마세요 뒤에 보너스장면있으니까 꼭 그거까지 챙겨보시고 집에 귀가하세요. ,9
594,1이 어린이를 위한 스토리였다면 2는 전체적으로 인생에 대해 생각할 수 있는 ost 가사 때문에 어른들을 위한 스토리인 느낌. ,10
595,애니매이션이 줄수있는 절정의 아름다움 예요역시 믿고보는 디즈니 ,10
596,크리스토프 노래부르는거 개웃김 혼자 뮤비찍는 줄 ,10
597,우리 엘사언니 고생하는데 이 시국에 사랑타령하는 크리스토퍼 ?♀? ,10
598,이번편은 대략16세관람가로 간듯해 만족 ,10
599,보면서도 보고나서도 너무행복했어요 ㅜㅜ새벽에 용아맥 제일처음으로 봤는데도 또보고싶어요꼭(용산)아이맥스로보세요!! ,10
600,아이랑 조조로 보고왔다. 아이는 가만히 있는데 내가 울었다. 다 필요 없다. 역시는 역시다. 다들 무조건 보세요! ,10
601,짱이다... 스토리가 더 탄탄해진 듯 ㅠㅠ 벌써 6년이나 됐다니 ,10
602,온가족이 즐겨 볼수 있는 믿고 보는 디즈니!! ,10
603,너무 재미있게 본 영화~ 기대한 보람이 확실히 있네요^^ ,10
604,1편도 너무 감동이었지만 2편은 너무나도 크고 다른 감동이었다. ,10
605,눈도 즐길 수 있고 내용도 훌륭하고 노래도 너무 좋다ㅎㅎ ,10
606,대박..이건 뭐...ㅠ ,10
607,예매율 장난 아니길래 나도 예매하고 보고 왔는데 예매율 높은 이유가 있었네 ,10
608,1에 나온 떡밥회수 과거풀이 전부 다해버리네요노래도좋고 개인적으로 1편보다 좋네요.1은 아이용이었다면 2는 성인용느낌 ,10
609,또 보러 갈 것임! 한 번으로는 부족! ,10
610,어수선하고 내용이 뭐가뭔지 노래 영상미도 별로 입니다. 1편에 비해 많이 재미없고 지루하게 봤습니다. ,3
611,지루해서 졸았는데 ;; ,1
612,원래 똑같은 내용 또 보는 거 안 좋아하는데 이건 다시 한 번 영화관에서 보고 싶어요. 그만큼 좋았어요. ,10
613,반갑기는 했는데 지루하고 노래가 너무 많다!!!노래도 임팩트가 없으니 노래 좀 그만해 라는 생각과 하품이...ㅠㅜ아들도 재미없었다고...;;; ,1
614,자 평점들 보면 대체로 높죠?그런데 높은평점들은 별이유 없이 재밌어요! 끝낮은 평점들 보면 어떤 부분이 별로였는지 다들 서술해놨죠.겨울왕국 2 솔직히 영상미 마저 없었으면 최악입니다만 그거라도 있어서 중하 정도 입니...,4
615,최악의 영화는 캐릭터가 전후사정이나 설정을 주저리주저리 설명하는 영화다. 겨울왕국2는 내용의 50%가 설명이다. 게다가 연출 수준도 형편없다. 겨울왕국의 1과 같은 제작진이란게 도저히 믿기지 않는다. ,5
616,이걸보느니 터미네이터를 보는게낫다 ,1
617,짭퉁 엘사같은 뭔가 완성도 떨어지는 스토리구성.억지스럽고 산만한 내용에 어두운 스토리와 주인공들의 정체성 파괴(늠름한 크리스토퍼가 과하게 사랑으로 질질짬) OST도 넘 질질짜고 전체적으로 지루했음.엘사는 전편에서 좀...,1
618,본편보다 나은 후속은 없다 ,8
619,1편보다 스토리가 다소 산만하고 영상이 전체적으로 어두워서 밝은 느낌이 없었어요.귀에 쏙 들어오는 ost도 없어서 아쉽네요 ,6
620,역시 형님을이길수없네요 ,4
621,역시 전작보다 나은 후속작은 없음 ,6
622,일단 보세요 한번 더 보세요 어느샌가 노래따라부르고 있어요! ,10
623,이 영화는 전작에서 퇴화했다. 개연성은 없고 인물들의 매력은 사라졌다. 전 국왕의 과거가 나오는 플롯에서는 무언가 거창한 반전이 있을 것처럼 하더니 누구나 상상할 수 있는 이야기로 끝맺는다. 과거 서구 중심 세계관의...,3
624,방귀대장뿡뿡이가 더 재밌다 예측가능스토리 대충만든ost기억에 남는건 아아아아 멜로디랑 올라프 뿐노잼 ,2
625,너무재미있어요 1도 좋은테 2더좋네요또보고싶은영호내요뮤직컬 노래들이 좋아요겨울 왕국3도 보고싶네요 기대돼네요 ,10
626,"디즈니... 너무좋아... 엘사 미쳤음...1편보다 어두운 분위기지만, 소소한 웃음 포인트는 더 많은 것 같음겨울왕국1이 시작한 것을 겨울왕국2에서 깔끔하게 매듭짓는 느낌이었음 1편보다 스토리는 더 내용이 많고 탄탄...",10
627,너무기대를했나바....1탄보다 별로고 기억에남는노래도 한곡도없네요.. 그냥 겨울왕국1 쿠키영상 긴거보고온느낌~ 보는내내 6살조카 어떤드레스로 사줘야하나 드레스만 골랐어요;; 아무래도 변신할때 말타고다니던 그흰색사줘야...,7
628,기대를 안할수가 없는 영화라 기대치를 높게 하고 보러갔지만 5년이라는 시간을 걸쳐 만든 게 아쉬움으로 남을줄이야 .. 무엇보다  ost가 너무 아쉽다 아아아아 로 시작해 아아아아로 끝남 ^^.. ,8
629,아아아아~ 아아아아~ ,10
630,울라프 그 녀석은 개그맨이였다. ,10
631,개봉일 첫날 첫 상영으로 영화를 봤습니다.. 후회없는 감동.. 전편에 이어 기대이상의 속편.. 또 봐야징.. ,10
632,진심 노래나올때마다 소름돋았습니다 ,10
633,스토리가 정말 unknown하네요ㅋㅋ 엘사 너무 이쁘고 영상미도 너무 이쁜데 뭔가 많이 아쉽ㅠ (쿠키영상 있음) 그나저나 도마뱀 인형 나오겠다 ,8
634,20대 관람율이 높은게 최고웃기네요 ... 영화 평잼인데 엘산나가 너무 이뻐서 벽에 머리박고 울었음 ㄹㅇ ,10
635,애니메이션 영화가 할 수 있는 최대. 최선. 최고. ,8
636,,10
637,올라프 하드캐리 ㅠ 마지막에 i love happy ending  너무 귀엽다 ,10
638,댐은 4대강을 말하나요? ,3
639,아이와 보기에도 어른이 보기에도 정말 잼납니다!!! 최고에유우~~~ ,10
640,전편대비 영상미는 더 있는데 1편의 let it go와 같은 임팩트는 많이 부족 해 보였다. ,6
641,흠 겨울왕국1을 재밌게 봐서 기대감이 높아서 그런지 스토리면에서 좀별로였네요. ,6
642,스토리 지루해요. 노래만 대박많은데 기억에 남는곡은 없고 유일하게 영상미는 좋았어요. 평점 이해불가네요. 1편보다 떨어져요. ,6
643,아동용 마술쇼.. 시간이 아깝더라고요 ㅠㅠ ,1
644,1편에비해 아쉬움이남습니다아이들 이해하기 조금힘든스토리에 OST역시 기억에남는것도없고 기대가커서 그런지 지금생각나는건 엘사의성숙한 드레스밖에기억이안나네요  집에서보시는거 추천합니다 ,6
645,디즈니 배경 모델러분들 다 퇴사하셨나요? ,6
646,저도 모르게 박수칠 뻔 했어요. 아이들이 1보다 2가 더 재밌다고 합니다^^ ,10
647,영화 보고 막 나왔습니다 정말 재미없습니다 잤어요 이런 영화는 태어나서 처음입니다 시작이 아아아 끝이 아아아 진짜 너무 재미없어서 웃음만 나왔네요 진짜 비추 ,1
648,원작이 너무 대단했어서인지 기대 엄청 하고 봤는데 기대치까지는 개뿔 완전 별로였어요.. 스토리 개연성 하나도 없고 갑자기? 라는 생각이 좀 많이 들었네요 볼 건 영상 퀄리티 밖에 없었어요 오에스티도 막 와닿는 것도 ...,6
649,"1편이 여성 중심의 서사를 뼈대로 최고의 요리실력이 만들어낸 훌륭한 코스요리였다면, 2편은 완전히 음식쓰레기다. ",1
650,이거재밌다는새끼들ㅋㅋ정신연령몇살이냐? ,2
651,이딴 망작에 왜 재밌다고 난리인지 모르겠다. 이게 끝이야? 싶을정도로 내용없고 쓸데없는 내용만 가득. 긴장감이 없음. 국어시간에 배우던 '절정'의 단계가 없음 클라이맥스도 없음 감동도 없음 갑자기 고백...,1
652,재미없네요 아이들은 좋아하겠지만... ,1
653,"나오지 말았어야 하는 영화. 1편과 2편을 연결지을만한 떡밥, 껀덕지가 없었음. 스토리, 전개방식, 스토리텔링, ost 등 대부분이 형편없었음. 그나마 봐줄만 했던건 연출이랑 노래 한곡 정도. 무엇보다도 재미가 없고...",2
654,너무 졸리더라 이게뭐야 ,1
655,엘사는 정말 아름답지만  스토리는 어설프고 재미도 감동도 없었음. 그래서 영화보는 동안 집중도 안되고.. 많이 기대하던 작품이라 더 충격이었음. 이렇게 재미가 없다니! 영상미도 중요하지만 스토리를 먼저 챙기시길. ,4
656,억지스러웠네요. 억지로 만든 스토리. ,4
657,왜 봤는지 모르겠다.. . ,1
658,20대의 수준낮은 여성들이 좋아할거같은 영화네요 ,1
659,10점 주는사람들 전부 알바일듯 ,1
660,전편만한 속편은 역시 없네요..전편에 비해 훨씬 못 미쳤어요... ,8
661,"평점 10점 알바냐? 완전 속았네. 애들이 집중할 만한 스토리도 아니고, 그렇다고 성인이 좋아할 만한 소재도 아니고 ㅋㅋㅋ 그냥 영상미는 화려했고 올라프가 그나마 웃기긴 했지만 나머지는 영 꽝 ㅡㅡ 심지어 애들까지 ...",1
662,10점 만점에 8점 짜게주면 7점...디즈니 만화는 그냥 동화다 이쁜 동화...상상력이나 스토리는 역시 미야자키 하야오 못 따라오는거 같아 ,1
663,역시 디즈니 전편보다 나은 속편이다 스토리고 노래고 영상미고 뭐 하나 빠지는게 없음 진짜 존잼 ,10
664,남녀분란일으키거나 정치에 휘둘리는 영화보다가 오랜만에 깨끗하고 따뜻한 영화보니 기분이좋네요 ,10
665,"1편을 너무너무 사랑하는 사람으로서 실망이 컸던 2편. 발전된 거라곤 영상미 하나 밖에 없다. 한층 진지하고 무게감 있는 이야기로 돌아왔지만 까보니 캐릭터들은 다 따로 놀고, 감정선은 따라가기 힘들고, 개연성과 설명...",5
666,완전 중독성있는 영화네여:) 영화관에서 보고 얼마 못 가 소장용으로~^^ ,10
667,노래에 중독되버리네요 볼만햇습니다 ,9
668,소올직히 1회차관람때 스토리에대해선 별 감흥이없었다.ㅠ 스토리보단 그래픽이나 3D퀄리티가 높은것에만 눈이들어왔고 스토리는 그냥그런정도였는데 노래도 별로라고 생각함.. 근데 2회차관람때 스토리가 한눈에 들어오면서 소름...,10
669,show yourself 기가막힌다... 영화관에서 자막한번 더빙한번 4d한번 총 세번봄... 영화를 그것도 영화관에서 3번본건 처음... vod도 사버림 너무 비싼듯 하지만 산만큼 재미있다... ,10
670,영상미가 좋았던거 말고는 특별히 기억에 남는건 없습니다. 영상미는 정말 좋네요. ,7
671,8800원주고 2일 대여지만아깝지 않은 영화였어요 ,10
672,진짜 엘사 머리 푼거 혁명이었고 두번 갈만큼 스토리가 꽉찬 영화였음... 진짜 너무 좋았네? ,10
673,,10
674,이 영화 안보면 후회합니다 꼭보세요 ,10
675,친구들이 엘시 죽는다고 해서 걱정했는데!! 안 죽어서 다행이네요!! ,10
676,"겨울왕국2는 신비롭고,탐험감이 재미있었던것  같아요!별이 5개!그리거 엘사의 노래가 좋아서 광팬됬어요^^또 엘사 옷이 눈부셔요!여러분도 동감하시나요? ",10
677,겨울왕국1보다 훨씬 좋았음 ,10
678,진짜감동이에요3편만들어조세요 ,10
679,제인생 최고의작품입니다 ,10
680,브루니가 너무 귀여워요 ~ ,10
681,1편보다 나은 2편은 없다고 생각했는데 제 생각을 뛰어넘은 최초의 영화네요. 개인적으로 2편이 훨씬 재밌었어요. 어린이들 시끄럽다그래서 영화관에서 안 보고 vod 나오자마자 봤는데 이 멋진 영활 영화관에서 봤었더라면...,10
682,영상미가 뛰어남 ,9
683,저번에 겨울왕국 1을 보고 너무 재밌게 봐서 겨울왕국 2도 많이 기대하고 있었는데 기대를 한 만큼 그 값을 하는것같다. 진짜 너무 재밌다! 인생 영화 ,10
684,영상미는 1편보단 나은것 같아요. 아이들이 재미있게 집중해서 봤네요 ,10
685,Show yourself 가 완전 대박임 ,10
686,OST가 다 좋았어욥 ,10
687,,10
688,기대 안하고 봤는데 전작보다 섬세하고 성숙해짐이  느껴져서 기분좋게 관람하였습니다 계속 흥얼거리던 into the unknown~* ,10
689,와... 겨울왕국1보다 겨울왕국2가 더 재미있어요 근데 OST가 2보다 1이 더 좋네요 그리고 그 도마뱀  너무 귀여워요 ,10
690,영웅이 된 엘사와 여왕이 된 안나!!! 정말 재밌게 보았습니다ㅠㅠ ,10
691,정말 겨울왕국 완전 좋아하는데 겨울왕국2 한번 더 보고싶네요 된다면 4~5번까지도.. 재미도 감동도 많아서 제 최애영화..! ,10
692,Ost를 들을수록 좋아지고 올라프의 개그까지 너무 귀엽고 스토리도좋고 ,10
693,2는 별로다는 평도 있어서 기대안햇는데 역시 겨울왕국+_+  1편이랑 다른 분위기인데 갠적으론 더 낫다고봄~ 초반이 좀 루즈한감이 있지만 엘사의 법사 강화 전직이야기 꿀잼! 강화되더니 성숙미가 더 미쳤네... 누나 ...,10
694,겉옷을 벗고 바다를 달릴때 나도 달렸다 ,10
695,1떠서 2억지로 만든느낌. 노잼. ,4
696,넘넘 짱 진짜 늦더라도 꼭 보세요!! ,10
697,딸과 함께한 첫 영화 ,10
698,겨울왕국 시즌1보나 더 좋았음ㅜㅜㅠ 또 봐야지.. 오래오래 상영해주세여.. ,10
699,아이들과 재미있게 잘봤어요 쵝오^^ ,10
700,올라프가 영화의 흐름을 이끌어가고대사하나하나가 주옥같음사회생활하며 지친마음이 치료되는 느낌이었음 ,10
701,아이보단 어른을 위한 영화였다는 생각이 드는 ,10
702,영상미는 정말 대박이었지만 스토리는 조금 지루했던감이 있었어요 ,7
703,영화를 야무지게 잘만들었어요~굿굿 ,10
704,애 어른 둘다 조아합니다영상도 화려하고 잘 만듬 ,10
705,역시노래가좋습니다굿 ,10
706,생각보다 재밌었음 눈요깃거리도 좋고다만 ost가 확 와닿는게 없었음 스토리자체는 재밌음 ,9
707,올라프 1편요약 너무 완벽함 ,10
708,영화보면서 제작팀이 정말 공들여 만들었다는 것이 느껴질정도 ,10
709,전작만 못 해서 실망했어요.스토리도 별거 없고ㅠ옷만 예쁨 ,6
710,"1편에 비해 스토리의 긴장감과 참신함은 부족했지만, 뛰어난 영상미와 여성이 스스로 고난을 헤쳐나가는 모습이 아이에게 좋은 영향을 줄 것이라 생각합니다. ",7
711,재미있었다는 사람들은 존중하지만... 진짜 내 개인적인 의견이니까. 겨울왕국 1도 개연성이 마음에 안 들었지만 2도 그랬다. 내 시선으론 등장인물들은 극적이고 서로 의사소통이 부족하고? 노래들도 마냥 극적인 느낌이다...,4
712,"전작에 비해서 너무나 엉성한 스토리,중간중간 몰입을 방해하는 ost들, 눈치없어서 짜증나는 크리스토퍼와 몇몇 번역 실수들까지..^^ 정말 2시간동안 멍하니 앉아있었음. 전작에 비해서 발전한거라곤 그래픽기술과 엘사의 ...",3
713,"영상미는 좋으나 스토리 빈약, 노래는 좋으나 노래로 스토리 타임 채우기. 애들은 좋아하지만 기대탓인지 좀 실망 ",6
714,감동적. 이유모를 눈물이 왼쪽 눈에서 주륵주륵 흘렀다. ,10
715,겨울왕국 음악이 계속 생각나 흥얼거리네요 재미있게  잘 봤습니다 ,10
716,겨울왕국1도 엄청 좋아했지만 이것은 엄청난 감동이었습니당 ,10
717,너무 재미있었습니다 남편도 겨울왕국1편보더 더 재미있었다고 하네요 자기 잠잘줄 알았는데 하나도 안졸렸다면서...아이들 덕분에 즐거운 감상 했어요다음에 또 볼것 같아요 ㅋㅋㅋㅋ 사실은 오늘 또 갑니다 ,10
718,show your self~ ,10
719,8회  봤습니다감동적입니다 ,10
720,진짜 너무 좋아요 3편 보고싶네요 ,10
721,황홀했습니다. 메인타이틀곡보다 다른 ost 들이 더 좋았네요. ,10
722,보다 깊어진 서사에도 무겁지 않게 해주는 적절한 유머 그리고 진일보한 그래픽. ost도 감동적이다. 다만 1의 렛잇고가 너무 강렬했을 뿐. ,10
723,엘사 물 속에서 말타고 나올 때 대박ㅋㅋㅋㅋ ,10
724,애니메이터랑 편집자를 얼마나 갈아넣은 거야 ㄷㄷ엉상미 하나만으로도 돈이 안 아깝다 ,10
725,1보다 더 좋아요 너무 잘봤어요 ,10
726,"이번편은 진짜 모든게 조화롭게 이뤄졌다.전투씬도, 감동적인 씬도.자연스럽게 스토리에 녹아들어가, 그야말로 완벽 그 자체.(올라프가 씬스틸러였음..) ",10
727,철학적인 내용이 있어서 좋았어요^^ ,10
728,,10
729,,10
730,과거 반지의 제왕이 생각났다 어른들을 위한 애니메이션~ 스산한분위기도 있공?크리스토퍼 노래가 옛팝 같아서 갠적으로 좋았음 ,10
731,엘사 바다위를 말타고달리는모습 최고였어요 ,10
732,"전 너무 좋았어요 ㅠㅜ 스토리도.,, ost도 제 스타일... show yourself 나올때 소름.,,,, ",10
733,너무 기대한 나머지 30분 정도로 느껴져서 다시 보고싶습니다 하유ㅠㅜ진짜 계속 노래듣고있고 엘사와 안나 너무 이뻐요ㅜㅜㅠ제 첫사랑은 엘사인거 같습니다 겨울왕국 3까지도 기달릴수 있어요 그리고 1때는 엘사가 안나를 녹...,10
734,1편보다는 조금은 재미는 덜 하다는 생각이 드네요 ,9
735,show yourself 듣다가 눈물이 다나네요 ,10
736,영상미 노래 스토리 배우들의 연기까지 뭐하나 빠지는게없다. 정말 감탄스럽다. 이런영화를 만원주고 볼수있다는건 정말이지 엄청난 행운이고 행복이라고 생각한다. ,10
737,ost를 너무 잘 뽑아서 영화보고 나온 뒤 일주일이 지난 지금까지도 생각이 나네요.. 스토리도 너무 좋았고 3편도 나왔으면 ㅠ_ㅠ ,9
738,겨울왕국2가 올해 극장에서 본 마지막 영화입니다. ,10
739,엘사 언니 팬싸인회 열어주세요 ,10
740,디즈니의 ost와 영상미는 역시나 갓3편은 사만다를 찾아서?.. ,10
741,최고입니다또또보고싶어요 ,10
742,,10
743,"레알로 ""OST가 좀많은데?"" 이생각할때쯤에 끝날때까지 3~4개 더있음 ",7
744,"'절대 변하지 않는 무언가' 그것은 겨울왕국과 함께한 우리의 시간에도, 우리의 주변에도 분명 자리 잡고 있습니다. 흔히 후속작엔 실망하기 마련인데 그런 걱정이 쏙 들어간 최고의 후속작. 엘사와 안나의 ...",10
745,올라프가 진짜 흑막입니다. 사악한 웃음에 속지 마세요. ,10
746,울라프같은 반려동물 있었으면 당장 데려다가 키우고 싶을 정도로 사랑스러워요 ? ,10
747,"영화관람후 엘사드레스,,안나드레스 구매ㅋㅋ ",8
748,역시 갓디즈니... show yourself 때문에 n차 돌고있음 ,10
749,27살 다큰 남성을 영화관에서 울려야되겠습니까..?디즈니 이 심술쟁이...! ,10
750,너무 좋았습니다 노래들도 다 좋았고 퀄리티도 더 높아져서 스토리는 빼고봐도 무방할 정도로 좋았어요 ,10
751,흑흑사랑해 어렸을 적 보고 성인되어 너넬 만나니 감회가 새롭구나 ,10
752,,10
753,아이들이든 성인이든 온가족이 다볼수 있는 영화~감동스럽다~~~ ,10
754,첨에 into the unknown부터 놀랐잖누... OST가 너무 좋은데에... 그리고 올라프가 겨울왕국 설명하는거....ㅎㄷㄷ ,10
755,"엘사: 신내림 / 안나: 갑자기 왕위계승(개이덕!) / 크리스토퍼: 신분급상승(핵개이덕!) / 올라프: 예수 / 스벤: 잠시 나옹이 접신, 아싸 탈출 ",10
756,ㅠ 너무재밌었어요ㅠㅜ 역시 ,10
757,또보고싶을만큼 대박.. ,10
758,진짜 최고다.. 1보다 더 성숙해진 스토리와 OST.. ,10
759,난 1편보다 훨 훨 좋음 성숙한 엘사 안나를 보았고 한편의 뮤지컬같이 노래도 좋음ㅡ 엘사 마법 부릴때 넘 멌있음 개인적으로 1편보고 기대안하고 봐서그런가 더 재미있고 영상미 음악 다좋음 엘사 마법 부릴때 영상 너무이...,10
760,대박! 1편보다 스토리 훨씬 촘촘하고 스케일이 커진 느낌.. 대사 속에 촘촘히 박혀 있는 인생 명언들 ,9
761,진짜 미치게하는 영화.후유증 너무심함 ,10
762,인투디언노오오오온 엘사너무이쁨 ,10
763,"영상미,ost 진짜 엄청좋음 전체적으로 다좋았음개꿀잼☆ ",10
764,영화관에서 가족들하고 보는데 너무 진짜 재밌고 올라프 진짜 귀여움 ㅋㅋ그리고 엘사 완전 이쁘고 스토리도 완전 대박에 정말 몇년 만에 나왔는데 진짜 큰 화면으로 보니까 진짜 감동인것같다. ,10
765,1편안봐도 2편볼수있나요?ㅠ ,10
766,올라프 스핀오프로 단독영화 내주면 안되나요?.. 캐릭터성이 매우 우수한데요ㅜ ,10
767,1편은 아이들 영화느낌이라면 2편은 어른들 영화느낌. 너무 재밌었음. 애들은 좀 지루했을듯~ ,10
768,도마뱀만 보더라도 완벽하다 ,10
769,1편의 스토리에 비해 많은 변주를 준 것이 오히려 독이된 것 같음. 그나저나 이게 애니메이션인지 실사인지 헷갈리는 몇몇 장면들이 있었음. 대충 그래픽 개 쩔었다는 말. ,8
770,겨울왕국2 정말 재미있다 ,10
771,1은 재미 없었는데 2는 최고입니다. ,10
772,진짜 저번 겨울 왕국 보면서 울지는 않았지만 이번에는 어두운 면과 즐거운 면 아니 무튼 걍 좋아요 영화 후반부에 눈물 톡톡 흘렸습니다 ㅠㅠ 최고... ,10
773,2019 최고의 영화. ,10
774,크리스토퍼 노래가 약간 레트로 감성 잘 뽑아서 좋았음 ,10
775,이렇게만들면 누가돈아까워하겠나.이나이먹고 두근거리긴오랜만ㅎㅎ ,10
776,2편이라 기대를 하지 않고  갔는데 영화 자체가 너무 아름답고 OST나 엘사의 옷 분위기가 너무 좋았습니다.그리고 살짝의 올라프의 개그도 재미있었고 조금더 성숙해진 올라프도 아주 좋았다 ,10
777,"아니 진짜 이번엔 좀 웃겼어,, 올라프랑 크리스토퍼랑 스벤 너무 잼있게 봤지만 중간에 잤다 ,, ",10
778,진짜 사랑해 겨울왕국 1편과 다른 재미 넘쳐나??? ,10
779,재밌어요! 특히 후반부에 show yourself 부를때는 온 몸에 전율이 일어났습니다 ,10
780,와이거진짜 신생영화에요 겨울왕국2 보고 겨울왕국 매니아되서 겨울왕국1 겨울왕국 열기 겨울왕국 어드벤처 다봤 습니다 그리고 이번주 토요일에(겨울왕국2)또보러 감니닼ㅋ ,10
781,진짜 엄청나게 재밋음 강추 ,10
782,철학적이고 째끔 유치하고 재밌었음. 안경 안 가져간게 너무너무 아쉬움. 연출?이 진짜 에쁨. 제 돈 주고 봤는데 돈 아깝진 않습니다. ,10
783,디즈니 만세!!!! 재밌습니다. ,10
784,"메시지, 스토리도 좋고 다 좋았는데, 특히 영상미 대박, 분명 애니메이션인데 실사같은 물빛 찰랑거림, 머리카락 바람에 흩날리는 거 등등,이래서 디즈니 디즈니 하는구나~ ",10
785,Show yourself 부를때 생애처음으로 영화관에서 울었다. ,10
786,"올라프의 말대로어른이 되어간다는것...에 대한 엘사 안나 올라프 크리스토프의 대한 대답이 담긴 영화.가족과 독립, 무서움을 극복, 정체성의 확립, 연인과의 이별과 재회, 부모를 이해 등 겨울왕국 1을 본 어린이들이 ...",10
787,겨울왕국1은 그저 전주곡에 불과합니다. 겨울왕국2를 통해 스토리가 완성되죠. 안나가 몸개그로 재미를 돋우지만 서구 문명에 대한 반성이 들어있는 진지한 내용이 담겨 있습니다. 40대 아저씨인 제가 보기에도 참 감동적이...,10
788,엘사 외모만으로 티켓값 다했다 ㄹㅇ ,10
789,"진짜 너무 재미있었음! 애들때문에 시끄러워서 영화 집중하기 힘들었다는 리뷰있어서 밤에 보러갔고, 덕분에 조용히 영화를 즐길 수 있었음! 개인적으로 1편만큼 2편 재미있었구 또 볼 생각 있음 이번 ost는 개인적으로 ...",10
790,"1번 관람하고 혹평 달았던 사람인데 2.3번 보니까 1편은 어린이들 위한거라 유치했어도 노래만 좋았는데 2편은 5년이 지난 관람자들과 엘사, 안나가 성숙해져서 스토리를 어른스럽게 한듯함.. 역사의 왜곡으로 잘못살아왔...",10
791,엘사와 엄마의 듀엣 장면에서 저는 딸램이 몰래 눈물을 훔쳤어요 오늘은 저 혼자 자막영화로 한번더 보러 갑니다 ^^ ,10
792,개인적으론 1편보다 더 웅장하고 재미있었습니다. ㅋ엘사가 옷을 몇벌 갈아입는데 보는 재미 쏠쏠했어요 :) 노래도 다 너무 좋고 ~스토리도 더 풍부하고! 즐겁게 봤습니다 ,10
793,초반에 지루. OST도 전편에 비해서는 임팩트 약함. 그냥 올라프가 귀엽다. 그 뿐.. 그 이상도 이하도 아님. 그냥 1편을 봤어서 봤을뿐. ,6
794,"성숙에 대한 고뇌. 어른이 되면 그땐 벗어날수 있을까. 꿈과 희망 따위, 순위권 밖으로 휙 던져버린채 하루하루를 스쳐보내진 않을까. 계속해서 변해가는 세상과 흘러가는 세월 속에서 두려워하던 나를, 마치 다 알고있다는...",10
795,엘사 말타고 달리는 장면 볼려고 3번 봤다 ,10
796,1편은 끝까지 봤는데... 2편은 잤다... ,1
797,왜 1보다 재미없다고 하는지 모를만큼 재밌었어요ㅠㅠ ,10
798,디즈니를 마블급으로 챙겨보는데 재밋엇어요  개인적으로 너무재미있었고 크리스토프 혼자 노래부를때 너무 시대공감가서 계속 웃엇어요 ㅋㅋ 그리고 역시 올라프 넘사랑스러웡 ,10
799,1편은 아이들을 위한 스토리라 단조로웠다면 2편은 스토리가 훨씬 장대해지고 감정선이 깊어진 것이 보이네요. 1편을 보고 자란 청소년과 어른을 타겟으로 한 영화처럼 보입니다. 물론 아이가 봐도 크게 문제는 없지만 완전...,10
800,지루하고 재미 없어요 돈이 아까움 ,4
801,아이들이 재미 있다고 좋아 합니다. ,10
802,"영화속의 영상미가 신비로웠으며, 영화의 스토리는 오히려 오페라를 보는 느낌으로 다가와 참으로 좋았다. ",9
803,아이들이랑보러갔는데~ 넘 재미있게 잘봤어요~^^ 1편보다 더 재미 있어요~ ist도 더 좋은거같아요~ ,10
804,4dx3d 로 봤습니다. 같이 본 모든 사람 아이맥스로 다시 또 보자고 했습니다. 곧 또 보러갑니다. 정말 짱 ,10
805,1편이 역시 재밌었고 2편은 에피소드 정도. . ,7
806,올라프랑 ost 때문에 버텼다 .. ,6
807,진짜 후기보니까 재미없다는 댓글도 있어서 좀 걱정했는데 진짜 너무 재미있어요ㅠ이번에 올라프 진짜 너무 귀엽고 웃기고ㅠ엘사 미모 미쳤고 마법 쓰는데 너무 멋있...노래도 진짜 대박겨울왕국2개봉 한다고 했을 때부터 기대...,10
808,"겨울왕국2를 볼려고 지금까지 기다렸는데 드디어 볼 수 있게 되서 너무 좋았어요. 2탄이라서 좀 그럴거 같었는데 오히려 실망은 커녕 가슴까지 울리게하는 영화로 저에게 보답하네요.특히 1탄보다 더 섬세한 등장인물, 배경...",10
809,3도나오면좋겠어요ㅠㅠ ,10
810,"빙하속에서 엘사여왕님이 show yourself 부르면서 눈물훔치면서 i am found~외칠때, 나이스물다섯먹고 울뻔했습니다. ",10
811,나 환갑인데 내 동년배들 다 엘사언니 사랑한다... ,10
812,이 노래의 메인은 show yourself임.영화끝나고 꼭 아~아~아아 하는 사람있을것임.쿠키영상 있으나 패스해도 무방 ,10
813,"씨네큐 음향 특별관에서 원판, 일반관에서 더빙판 둘 다 관람했는데 또 보고 싶어서 롯데시네마 일반관에 원판 예매! ",10
814,"2편 호불호 많이 갈리는거 같은데 저는 진짜 재미있게 본거 같아요 ㅎㅎ 1편보다 더 성숙해져서 돌아온 스토리와 각자 자기 위치 잘 찾아간거같은 감동,, 렛잇고 같은 귀에 박히는 ost가 없다고 하는데 개인적으로 엘사...",10
815,눈과 귀가 즐겁다. 이걸로 난 만족. ,10
816,진짜 짱이에요?? 저는 1편보다 2편이 더 재밌어요 ,10
817,스토리 너무 좋음눈물남 ,10
818,너무너무 재밌었어요가족애와 화합을  그린것도 좋았고엘사의 도전 깨달음  안나의  마음 모두 좋았네요 갠적으로 3는 안나왔으면 해요   나중에 실사판으로  만들던지2까지 완벽합니다 ,10
819,다른 사람들은 1편이 더 좋았다고 하지만 전 2편이 훨씬 더 좋았네요 2편에는 렛잇고 같은 노래는 없지만 그외 모든 면에서 1편을 압도해요 영상미도 좋고 ,10
820,영화를 넘어 마법 그 자체! ,10
821,백색의 간달프. 갑자기 생각나더라구요.. ,10
822,이번 겨울왕국2도 겨울왕국1 처럼 재미있었어요!! 주인공들도 너무예뻤고요! 특히 엘사옷에 신경을많이쓰신것같던데 너무 이뻐요!♡♡ ,10
823,1편보다 좋았습니다 진짜 너무 좋았어요ㅠㅠ ,10
824,엘사 언니 사랑해요?? ,10
825,"좀 더 성숙해진 분위기와 진지해진 스토리 진행과 중간중간에 나오는 코믹한 장면들이 많아서 좋았고, 겨울왕국 1편의 후속작으로서 실망을 주지 않았던 작품이었다. 볼까 말까 고민이 된다면 영화관에 가서 바로 결제를 하시...",10
826,역쉬 디즈니야 !!!! ,10
827,엘사의 렛잇고 보다 좋은거 없을 줄 알았는데 노래 듣다가 소름돋고 마지막에 친구하고 눈물 닥으면서 나옴ㅋㅋㅋㅋ ,10
828,눈을 뗄새가 없엇다. 최고! ,10
829,1편만큼  재밌고 좋다 ,10
830,초반에 약간 루즈했는데 중반부터 집중하면서 봄 제밌었음 ,10
831,스토리나 노래는 그저그랬는데 영상미나 색감이 너무너무 이뻐서 다 커버함.. 진짜 색감이 너무 이뻤음 ㄹㅇ ㅠㅠㅠ ,10
832,1은 뭔가 엄청 감동적이었는데2는 보다 잠. 영화의 문제가 아니라 내가 늙었을 수 있음 ,2
833,5번 졸다 깼다....스토리 별로 음악 별로.... 겨울왕국 팬인데.... 속상함 ㅠ ,4
834,겨울왕국 주인공들이 모아나를 찍은 느낌.. ,8
835,엘사 미모 폭발한다ㅋㅋㅋ ,10
836, show yourself   영상이랑 매칭해서 들으니 끝네줍니다 일반극장 갔으면 이런감정 못느꼈을거에요 보실거면 아맥3d로 보세요 지금도 노래 계속듣고 있네요 ,10
837,"올라프가 다 했다, 사만사?  ㅋㅋㅋ ",10
838,완성도가 진짜 높은 애니메이션이라고 생각합니다. 모든 인물이 정말 만족스러운 캐릭터였어요. ,9
839,아니 무슨소리야 댓글세상에서 제일 재밌는데 show  yourself 노래 너무 좋고 엘사 스토리며 연출이며 다 너무 최고였는데!!? ,10
840,노래만 많고 스토리는 산만ㅠ ,4
841,난 별기대안하고 갔는데 ㅈㄴ 재밌더만 ost별로라 하는건 왜그러는지 모르겟음 솔직히 1편이 렛잇고 뺴고 별로없엇는데 2편에서 좋은노래 많이나온듯 글고 스토리 말하는데 과거이야기랑 새로운 이야기합해서 100분가량시간에...,10
842,이번에는 특히 엘사의 외모가 쩔엇다 ㅠㅠ 말타고달릴때 조녜..머리풀은거 너무 아름다웠다. 영상미는 너무 좋은거에비해 노래가 1편보다 약한 느낌?이였는데 다끝나고 노래 다시 나오는거 듣고 다시 좋다느낌ㅋㅋㅋ ,8
843,"글쎄,,, 영화가 볼만한게 없었고내가간 영화관은 전체영화중 겨울왕국이90%이상 상영중,,,  부족한 스토리를 ost로다채움,,, ost도  와닿는것도 없고,, ",6
844,이렇다 할 ost도 없고 영상미는 좋은데 감동도 재미도 그닥이네요. 1편이 너무 셌던 건가? ,6
845,저는 개인적으로 일본이 생각났습니다. 일본도 안나처럼 과거 자신의 나라의 역사를 반성하는 모습을 보였으면 좋겠네요. ,10
846,여러분 진짜 꼭보세요 저는 주변에서 다 재미없고 너무 뮤지컬느낌이 강하다고해서 기대를 안하고 갔는데요 정말 미쳤슴니다 1보다 훨씬 감동적이고 짱이었어요.. 렛잇고도 멋있었지만 이번에는 연출이나 엘사가 눈으로 촤라락하...,10
847,난해한 스토리에 전반적으로 지루하고 음악연출도 전편만 못하다. ,4
848,"영상미는 좋은데, 1편대비 재미없네요~ ",6
849,개인적으로 1보다 더 감동 ,10
850,이런 영화보려고 내가 돈벌지 ,10
851,"잘자란 두 딸, 백명의 왕자 안부럽다. ",10
852,어둡고 중독성없는 노래 ,2
853,엘사랑 엄마랑 같이 부르는 노래가 진짜 너무 좋았고 엘사와 안나 두 공주의 성장이 정말 잘 돋보이는 영화였음 재밌게 잘 봤어요ㅎㅎ ,10
854,"겨울왕국2는 감독들을 혼내주고싶다이렇게 만들려고 5년 걸렸나겨울왕국1은 노래들이 모두 훌륭했다. 렛잇고, Do you want to build a snowman?, For the first time.. 등등 노래들이...",4
855,"오히려 1보다 성숙한 스토리 주제가 맘에 든다 영상미는 말할 것도 없고, 자국의 역사왜곡을 반성하고 바로 잡는 점이 이웃나라 생각나게도 해서 참 인상 깊었다 아름다운 얼음액션들은 예술적이며 환상적 시각 청각 모든 것...",10
856,백색의 간달프.... ,10
857,"뛰어난 영상미, 뜬금없고 개연성없는 스토리. 재미있게는 봤음. ",9
858,노래 넘 좋고.. 스토리도 넘좋아용~~~!!!  갬동이양 ㅠㅠ 또 보고싶다.. ,10
859,애들좀 제발 조용히 시켜주세요 어린이용 애니도아니고 어린이가 보는 영화관도 아니고 어른 남녀노소 상관없이 다같이 감상하는 장소...입니다 조용한 애들은 조용한데 계속 가음지로 떠들고 속삭이고 부모님들은 그냥 가만히 ...,4
860,1편만큼 재밌지는 않다 ,6
861,음악이 들어가는 흐름이 불편하다 ,7
862,겨울왕국 1에서는 못 보여졌던 이야기들이 나와서 너무 좋았음 엘사의 얼음 마법 원인이라던지 부모님의 과거라던지 더 큰 세계관들이 역시 5년동안 칼을 갈고 나왔다라는게 느껴졌음 마지막에 엘사가 여왕직을 버려두고 나오는...,10
863,"올라프 전편 요약의 활약이 너무 인상 깊네요 ~ 의문의 소리를 따라 엘사가 갈때 ,  .., 울뻔햇네요 ... 왤케 감동적이고 , 슬픈지 , 전편 시리즈와 맘먹는 겨울왕국2 기대을 져버리지 않앗네요 ~ 엘사언니가 드...",10
864,눈의 결정이니 이펙트를 정말 섬세하게 신경잘썼고 1편만들기전부터 구상해놓은 것같은 스토리가 이어지는느낌이여서 상당히 스토리도 괜찮았다. 노래가 나올때마다 느껴지는 전율은 극장이라그런지 모르겠지만 노래도 잘뽑힌듯. 딱...,10
865,영화가 아니라 예술걸작. ,10
866,스포하기 싫고 겨울왕국1을 봤다면 겨울왕국 2도 보자 ,10
867,의리로 봤다 어린이를 위한 영화 ,1
868,꼭 보세요!! 나만 당하기 억울하니깐... ,10
869,개인적으로 1편보다 재밌게봄. 영상미가 진짜 너무 이쁘고 스토리가 1편은 조금 뻔한 예상가능한 스토리였다면 2편은 신선한 느낌이었음. 진짜 눈도귀도즐거운 영화 ,10
870,재밌긴한데....어째 1편보다 임팩트가 조금 떨어진건 사실이다 ,8
871,최고 입니다 꼭 보네요 ,10
872,1편이 워낙 인기가 많아서 그런지 호불호가 많이 갈는거 같은데 2편도 기대이상으로 잘 뽑았다고 생각한다. 엘사의 출생의 비밀이 풀리는 동시에 두 자매가 함께 과거를 바로잡기위한 여정을 떠나는 판타지를 잘 풀어낸 이야...,10
873,ost가 let it go처럼 대중적이진 않지만 뮤지컬처럼 감동은 두배네요.. 전 속편을 더 재밌게 봤네요 ㅎㅎ ,10
874,개인적으로 완전 취저했던 영화에요.1편보다 어른이를 위한 내용같았고 음악도 성숙해진느낌이에요 ! 진짜 완전 강추 ㅜ ,10
875,말이 필요 없어용~~!투디보다는 쓰리디로!보는걸 추천합니다.두번 보세요!세번 보세요! ,10
876,큰 기대를 안하고 봤는데 저는 너무 재밌게봤네요~지루할 틈 없이 울라프가 웃겨주고♡ 중간중간 나오는 노래들도 좋았어요♡한번 더 봐야겠어요♡아~아~아~아영화가 끝나고 계속 맴돌아요 ,9
877,Ost가 1편보단 임펙트가 덜한듯 ,8
878,겨울왕국3가자!!! ,10
879,엘사 하얀 드레스 웨딩드레스 같다 ,9
880,진짜 역시 디즈니 3도 나오기를 ,10
881,일단 안나 엘사 어렷을때 넘 졸귀탱이구 노래도 자꾸 기억에 남고 1편은 약간 안나의 발랄한 분위기였다면 2편은 어둠을 이겨내는 분위기가 괜찮았던거같음 ,10
882,진짜 감동감동 왕감동ㅠㅠㅠ ,10
883,아아~~아아~~아~~~ ,10
884,보는내내 벅찼다. Into the unknown도 좋지만 갠적으로 Show Yourself에서 소름쫙돋고 진짜 대박이였다고 생각.. 전체적으로 깔끔하게 후속 잘만든거같다. 다들 1편이 너무 대작이라 별로라고하는데 그...,8
885,맏딸의 눈물겨운 책임감.. ,10
886,전 왜 ost가 종일 귀에 맴돌져?? 저만 그런가요?! 재밌고 웅장했어요~~~ ,10
887,엄청난 영화네요 ㄷㄷ.. ,10
888,웬만하면 영상 매체를 보고 소름돋을 정도로 감동받지 않는데 소름이 쫙 돋더러구요. 연령대에 따라 느끼는 의미가 조금씩 다를 것 같아요. ,10
889,1편 만큼 재미있고 더 감동적이었다. ,10
890,애들 없는 시간때 봐야겠군... ,10
891,알바아니구여.. 아직 여운이 진하게 남아서 작성하는 평입니다. 개인적으로 1편보다 재밌고.. 눈물이 많이 났어요. 시간 가는줄 모르게 잘 봤습니다. 돈 안아까웟음 ,10
892,두번보세요.아니 세번보세요.아니 네번.아니 열번!!!! ,10
893,크리스토프는 k-pop뮤비 찍는 듯 ,10
894,"올해 못한 단풍구경을 아렌델 왕국의 단풍으로 구경했습니다!엘사와 안나 모두 용감하고 멋졌으며, 처음에는 노래가 겨울왕국1 보다는 아니구나 했는데 끝날때쯤되니 귀에 맴돌며 생각이나요. ",9
895,어디서 목소리가 들리는 것 같지 않아?Into the unknown~~~♬ ,10
896,"연출 연기 스토리 영상미 OST 전부 좋아요!비밀이 풀리는 순간, 눈물이 엄청 났어요.사랑은 진짜 위대한 것. ",10
897,역시 디즈니는 어른들을 위한 애니메이션 전문 ,10
898,진짜..엘사한테 반하는 겨울왕국2..영상미 너무 예쁘고 보는내내 소름돋고 울컥함ㅠㅠ 겨울왕국1때도 엘사 너무 예뻤는데 2는 진짜 역대급으로 예쁜듯요.. 디즈니 공주들 다 이겨버리는 이번 시리즈ㅠㅠ ,10
899,감동적이에요 ㅎ ㅎ글구 엘사넘 이뻥ㅎ ,9
900,겨울왕국의 감동을 기대하고 보신다면 살짝 아쉬운 영화. 별 기대없이 본다면 생각없이 예쁜 영상미 구경할 수 있는 영화 ,8
901,아름답고 사랑스럽지만 전작만큼의 임팩트는 없는 그냥 전형적인 후속작. ,8
902,전편이 너무 좋아서 기대만큼은 아니지만 그럭저럭. ,8
903,겨울왕국2 역대급 엘사 너무 이뻐 굿굿 짱장 ,10
904,재밌긴 했지만 겨울왕국1에 비하면 조금 아쉬웠다.Ost가 엄청 들어간다.. 뮤지컬을 본기분?ㅋㅋ ost로장사할려는 느낌이 들었지만 노래는 다좋음. 그리고! 4d로는 안보는걸 추천 걍 별로임 ,8
905,재밌어요 ost는 1보다 아쉽지만 영상미가 돋보였네요. ,10
906,숨겨진 세상~~~~♡ ,10
907,,10
908,엘사가 숨겨진세상노래 부르는게 제일좋네요.안나가 여왕이되는게 인상깊었어요.겨울왕국3나오면좋겠어요~~ ,10
909,"갠적인 의견은 1편보다 한참 떨어짐. 산만하고 뜽금 없는 내용 전개. 남발하는 노래땜시 집중력 떨어지고, 재미도 없고 감흥도 없고 보다가 졸려서 나갈까 말까 고민할 정도. 내 아는 사람이 가서 보다가 한참 잤다는데 ...",2
910,왜 다들 전편이 더 재밌다고 하지.. 오히려 겨울왕국1은 진짜 그저그랫고 1번밖에 안봤는데 겨울왕국2가 더 재밌고 노래도 1탄보단 2탄 노래가 더 좋았는데.. 나만 그런가... 2탄을이 좀더 슬프고 재밌엇는데.. 1...,10
911,스크린독과점의 폐해.영상미 빼곤 억지스토리에 우연이 넘치는 연출.갠적으로 별루였음. ,3
912,그냥저냥 1이 전형적인 애기동화면 2는 중2병.. ,6
913,눈물 흘리면서 봤음.ㅠㅠ ,10
914,3회차 왔습니다! 천만 let it go!!!! ,10
915,제가 본 영화중 최고였음 ,10
916,겨울왕국 1 보다 재밌음영화 첫 평가 ,10
917,성인들도 빠져들게 만드는 디즈니의 마법은 언제봐도 놀랍다. ,9
918,너무 기대했나..? 좋게 봐야 1정도.. ,7
919,영상미랑 사운드만으로도 행복했다.. ,10
920,이정도로 후속작을 잘만든 영화는 정말 오랜만이다영상미 OST 모두 훌륭했고 엘사 안나 두캐릭터를 정말100% 잘 활용한 점이 너무 좋았다 ,10
921,"스토리가 너무 아쉬웠네요. 뭔가 많이 보여주고 싶은건 알겠는데, 그래서 그런지 좀 산만해지고 몰입하기가 힘들었어요. 차라리 가족의 사랑이나 자연과 인간, 큰 반전을 위한 치밀한 스토리 등 한가지에 집중해서 단순하게 ...",6
922,1의 기대가 너무 컸던걸까?확실한 악역도 없고 갈등도 애매하고...엘사가 부른 노래가 너무 별로 패닉! 앳 더 디스코가 부른게 훨씬 더 좋음개봉 타이밍은 좋았다고 생각함. ,6
923,전편에 비해 전반적으로 떨어지네요 ,6
924,이번 영화는 명작 보고 소름돋음 ,10
925,"보면서 감수성이 풍부해서 그런지 눈물이 찔끔 남.OST도 나름 중독성 있었고, 1편만큼 계속 볼 가치가 있는 영화 같다. 한번 더 볼 의향 있음. 일단 영상미는 넘사벽이다. 보면서 눈이 호강한 느낌. ",10
926,뭔가 전달하고자하는 바가 많은 영화였어요 저는 뭔가 뭉클함이 느껴져서 여운이 많이 남는 영화였습니다! ,10
927,"Ost가 1보다 별로라 생각할수있으나 듣다보면 중독성 장난아님, 작화가 진짜 영혼을 갈아넣은듯이 예쁘고 현실적으로 연출됨ㅜㅜ 1편보다 2편 스토리가 더 탄탄하고 재미도 있었음 ",10
928,최고다 엘사 존예 추천드리는 가족영화 디즈니 그냥 미쳤다... 강추 ,10
929,"올라프의 표정,엘사의 발이 움직이고 순록들의 움직임을 하나하나 다 파악해서 담아낸것. 정말 영화를 보러왔는데 큰 오페라극장에서 뮤지컬을 보고온 기분이었습니다. 마지막 쿠키영상 꼭 보세요 귀여워쥬금... ",10
930,개인적으로 1편보다 훨씬 재밌었어요 진짜 ,10
931,안보면후회함 ,10
932,일단 1탄과 당연히 비교가 안될수가 없겠죠..?? 저는 개인적으로 2탄이 더 재밌었습니다. 스토리 진행마다 다 의미가 있고 노래랑 영상미도 더 예뻐진 것 같네요.. 무튼 최고였습니다.  개인적으로 같이 상영했던 신의...,10
933,이영하는 아맥이나 4d로 봐야할거같아 주저없이~4d로 봤네요 개봉당일 재미없다는 친구의말에 별기대없이 봤는데 영화끝나고 박수칠뻔했네요! 이렇게 멋지다니! 디즈니공주가 이렇게 성장하다니!  엘사 너무 멋있었고! 아나의...,10
934,보는내내 행복했어요 엘사존예 ,10
935,??겨울왕국 3 4 5 6 7 8 9 10이어도 할미여도 사랑해줄게요 ,10
936,만화영화중 역대급 만화다 ost는 전작에 다소 부족하긴 하지만 그 외 연출 스토리 내용 개그요소 등 너무나도 완벽함 ,10
937,장점 엄청난 영상미. 1편 보다 엘사 안나 더 예뻐보임단점1. 스토리 개연성 떨어짐. 무리한 세계관 확장. 어마어마한 비밀이 숨겨진것도 아님. 오버하는듯한 연출2. 전편에 비해 스토리 전개가 밋밋함. 극적인 부분이 ...,2
938,성인 둘이 보러갔는데 .. 성인용 영화는 아닌거 같아요.  중간 중간 좀 지루했고 ost를 너무 남발한다는 느낌이 들었습니다. ,6
939,기대가 컸나? 1편의 프레임에서 빠져 나오지 못한 한계에 부딪혀 진부했다. 지루한 부분마다 1편을 리바이벌 혹은 리마인드 시키는 연출은 안타깝기까지. 주제는 무겁고 이야기 전개는 가볍고 어른도 아이도 만족 시킬 수 ...,4
940,미안해요 전 조금 그냥 그랬는데 전편에 너무 못미치는 거 같아요 ,4
941,1편 때문에 기대가 컸을까요? 영상미 하나는 인정! 하지만 스토리나 OST는 인상적인 것 하나 없이 실망이 너무 크네요. 그냥 이 영화 한편만 두고 본다고 해도 안 본만 못하다는 생각이.. 그냥 어린이만 좋아 할 만...,4
942,내용을 떠나 시간이 가는걸 아까울 정도로 너무 빨리갔습니다  하물며 영상미 연출 ost  내용 개연성 완벽합니다그 뒤 3편 가능성의 여운 까지 있습니다..  알바 아니고 내돈 내고 직접 보고적은 후기예요아!  왠만하...,10
943,볼거리는 많으나 먹거리가 없었다.  아~아~아~아~메아리만 울려퍼짐 ,4
944,노래가너무많고 지루했어요 ,6
945,뭐든지 1편보다 잘만드는건 어려운일인데 선방했다 ,10
946,크리스토프 뮤비 솔방울마이크 보신분?ㅋㅋ ,8
947,심야로 지금 보고나왔는데 난 개인적으로 재밌게 잘봤다 ost중에는 크리스토퍼 노래가 제일좋았다 ,10
948,20대 중반임. 개인적으로 시즌1보다 재미있었음. 그래픽도 정말 화려하다는 말밖에 안나옴. 엘사 너무 여신급으로 나옴;;;; 미쳣음. 노래도 띵곡 많음. 리뷰보니까 낮에 어린애들때문에 영화집중을 못한다고해서 밤10시...,10
949,디즈니는 언제나 좋다... ,10
950,신라호텔에 새로운 뷔페가 오픈했다기에 가보니 애슐리 신라호텔점이었어 ,3
951,"영상미는 뛰어나고 엘사도 이뻤지만.. 스토리는 지겹고 분위기도 어둡고 노래도 기억에 남는게 하나도 없네요. 우리애는 재미없다고 나가도 되냐고 자꾸 묻고... ㅡ,,ㅡ  우는 애기도 있었음..  이거 평점10점씩 주면...",4
952,"전작 뛰어넘는 속편없다고 하는데,, 딱 맞네요..영상미는 엄청 뛰어나지만, 다른부분에서 너무 떨어지기에,, 5점 줍니다. ",5
953,스토리가 어른은 유치해서 못봐줄 정도고애들은 먼소린지 모르게 만들어놨음 보고나서 온가족이 불쾌해짐 ,4
954,지루하고 스토리가 너무 산만하고 개연성이 떨어집니다. ,1
955,울음 ㅈㄴ 참았네 진짜 고마워요 디즈니 ,10
956,요번 겨울왕국2 꼭 보세요!보는 동안 소름돋았습니다!OST도 너무너무 좋아용먼가 시즌1보다 내용이 더 탄탄해진것같아서 좋아요!???? ,10
957,심야로 보고 왔는데 진짜 재미없는데.. 보다가 지루해서 잤음 ,2
958,돈은 안아까운영화 음악과 영상미가 개인적으로 1보다 좋았음 그런데 아이 데리고온 엄마들은 좀 아이가 계속 의자 건드리고 10분에한번씩 언제끝나요?하는걸 제지를 안하는가? 안그런 엄마도 있었지만 뒤에 애때문에 몰입되다...,7
959,난 개인적으로 1편보다 좋았음ㅋㅋ 물론 노래가 렛잇고를 넘어서진 못했지만 그 외에 스토리 영상미는 1편보다 훨씬 넘어섰다고 봄 ,10
960,아이가 보기에는  1편이 쉬워서 나았지만성인인 저는 2편이 훨씬 재밌었네요! 한번 더 보러갈거에요! ,10
961,1에 비해서는 당연히 못하고 뭔가 내용상 조잡해진 느낌이었습니다.그래도 재밌게 봤습니다. ,8
962,전작 때문에 기대가 너무 높았던건지는 모르겠지만 스토리는 반전이 없고 뻔해서 아쉬웠음 영상미는 1편보다 훨씬 높아진거 같음  전체적으로 분위기가 어두워서 신나는 노래가 별로 없다는게 조금 아쉽긴 했지만 볼만 했던 영...,6
963,개노잼.. 1이 훨낫다 ,2
964,겨울왕국1보고 디즈니 입덕해서 모든 디즈니영화 다본사람인데 등장인물만 똑같다뿐이지 겨울왕국1이랑 완전다른영화임 영화끝나고나도 ost도 기억나는거하나도없고 재미도없어서 중간에 잤음 내가 영화관에서 잔건 영화2개뿐인데 ...,4
965,너무너무 재미있었어요!! 올라프도 너무 귀여웠습니다! ,10
966,보다가 자빠 잤습니다.. ,4
967,진짜 보는내내 웃음 감동 전부다 들어가있음 역시 디즈니! ,10
968,이번명대사:아아~아아아 진짜엘사가 캐리한영화 엘사언니 사랑해요 ,10
969,잘봤습니다.잘만들었습니다. ,10
970,그렇게재미가 있는지는 잘~모르겠네요 ,1
971,다 좋았는데 영화관에서 떠드는 아이들 제지 안 하는 맘충들 극혐이네요. ,10
972,일단 스토리는 좀 허술함 내기준에서임근데 사실 이건 무시해도됨 영상아름답지 화려하지 스케일크지노래 음악 너무좋지 파워발라드 너무좋고~연기는 너무말할것도없지 캐릭그자체지 연출도 너무좋지 뮤지컬+뮤직비디오+노래+음악 완...,10
973,개인적으로 1편보다 재밌게 본거 같음 연출도 더 좋아졌고 스토리도 더 좋아진 느낌 ,10
974,완전 짱이었습니다! 노래며 영상이며 특히 엘사의 성장한 모습이 너무ㅠㅠ눈물 주륵주륵 ,10
975,영상미는 좋았으나 스토리와  ost가 전작에 비해 아쉬움.. let it go는 전설로.. ,8
976,갓사 찬양 갓즈니찬양 날가져요 엉엉 진심으로 텅장 되는 소리 들리는 중 오늘만 포맷별로 엘사번봄 ,10
977,아이와 함께 보기 정말 좋은 영화에요~^^기대만큼 잘 나왔다고 보시면 되겠습니다. ,10
978,중반까지는 먼가 너무 빠르게 전개되는것같고재미없어서 하품하다가 엘사 물속에서 말타고 나오고부터 개존잼흥미진진 영상미 미쳤네여ㅜㅜ역시 기대하고 본보람 있습니다 ,10
979,물+말=뫌 뫌이 인상적이였습니다. 감동 ㅠ ,10
980,,10
981,정말 재밌습니다. 지금까지 제게 평점 10점인 영상은 3개 밖에 없습니딘. ,10
982,아아아아~~~~'' ,10
983,,10
984,,10
985,재미없었고 좋은점 하나는 엔딩 크레딧에 Panic at the disco 목소리가 들린것 하나뿐.. ,2
986,"2편이 나온 자체가 무리... 스토리는 자연적으로 억지스러웠고, 크리스토퍼 노래는 컨셉이었던거지?! ",2
987,개인적으로 1에서 억지설정 껴놓고 억지로 나온 2같음... 박수칠때 1에서 그만 갔으면 완벽했는데 2는 별로다ㅠ ,1
988,애니메이션을 보고 운건 처음이네요ㅋㅋㅋ올라프가 없어질 때 눈물을 너무 많이 흘렸어요ㅋㅋㅋㅠ1과는 다른 매력이 있는 것 같아요!너무 좋았습니다!! ,10
989,전편을 넘는 시리즈는 없다.. ,6
990,1편에 비해 재미감동이 없었네요 ,2
991,스토리가 재미없습니다. 1편만큼 짜임새가없어요. 그리고 노래는 참 별로입니다. 1편은 딱 떠오르는데 이건뭐.. 그넘의 아아아아는 왜이리 나오는지 처음부터 끝까지 개연성이 부족해요. 물론 다른 쓰렉 범죄국산영화보다는 ...,6
992,지루해 너무 기대했어.. ,1
993,개인적으로 1보다 더 좋았습니다 ,10
994,,1
995,1편이 훨씬 잼나긴해요~ 새로워진건 엘사옷이 엄청 바뀌는것? ㅋ 너무 노래가 많아 쫌.... 살짝 지루함감이~ 카봇을 더 잼나게 본듯해요~^^; ,3
996,1편보다 별로였음.. 스토리나 특히 ost 면에서. 그리고 상영관 독과점 좀 작작해라 진짜 다른 영화를 볼 수가 없네ㅡㅡ ,1
997,잠이와서 죽을뻔했네요 ,1
998,자꾸 노래가 시도 때도 없이 나와서 오글거리는 부분이 많아서 웃음을 참느라 힘이 많이 들었습니다. 그리고 후우우우~ 들려오는 음성 나올 때마다 너무 오그라들어서 손을 꼬집을 정도 였습니다. 아 그리고 칼로 방패 칠 ...,1
999,최악입니다 보시면 안되요 애들 데리고 10년이상 만화영화를 봤지만 이런억지 만화에 스토리 최악입니다 ,2
